GeneSymbol,Cluster
CRYBB2,Cluster 1
RAF1,Cluster 1
ZNF41,Cluster 1
ELK1,Cluster 1
GUCA1A,Cluster 1
BECN1,Cluster 1
OCRL,Cluster 1
SPDEF,Cluster 1
SNAI2,Cluster 1
KCNAB2,Cluster 1
POLH,Cluster 1
VDR,Cluster 1
HOGA1,Cluster 1
DLD,Cluster 1
MUTYH,Cluster 1
DUSP4,Cluster 1
ZHX3,Cluster 1
SIGLEC12,Cluster 1
PNP,Cluster 1
TP63,Cluster 1
HNF4A,Cluster 1
SGK3,Cluster 1
BRD4,Cluster 1
WNT10A,Cluster 1
CUL3,Cluster 1
BIRC2,Cluster 1
NCF2,Cluster 1
CBFB,Cluster 1
TERF1,Cluster 1
ILK,Cluster 1
GAN,Cluster 1
FOXM1,Cluster 1
RAD23A,Cluster 1
FANCL,Cluster 1
RBBP9,Cluster 1
PIN1,Cluster 1
PLCG2,Cluster 1
TDP1,Cluster 1
BRD2,Cluster 1
ACBD6,Cluster 1
AP4M1,Cluster 1
BAG3,Cluster 1
EIF2B1,Cluster 1
SATB2,Cluster 1
NEFL,Cluster 1
STAR,Cluster 1
CBS,Cluster 1
CRYAA,Cluster 1
APRT,Cluster 1
ASMTL,Cluster 1
STUB1,Cluster 1
ENO2,Cluster 1
PIAS4,Cluster 1
IL10RA,Cluster 1
STAT3,Cluster 1
IRF1,Cluster 1
JUN,Cluster 1
OAS1,Cluster 1
MYC,Cluster 1
SMAD3,Cluster 1
SMAD2,Cluster 1
IL12B|IL23A,Cluster 1
PDGFRA,Cluster 1
IL12A|IL12B,Cluster 1
STAT1,Cluster 1
STAT6,Cluster 1
ANGPTL3,Cluster 1
ZNRF3,Cluster 1
MCL1,Cluster 1
ANKRD1,Cluster 1
STX12,Cluster 1
SCARA5,Cluster 1
FAIM,Cluster 1
NPDC1,Cluster 1
B4GALT5,Cluster 1
GOSR2,Cluster 1
KIR2DS2,Cluster 1
SLC3A2,Cluster 1
SHISAL1,Cluster 1
AGA,Cluster 1
CSF2RA,Cluster 1
AMY2B,Cluster 1
CLMP,Cluster 1
TMEM190,Cluster 1
APOM,Cluster 1
PABPC3,Cluster 1
SHISA2,Cluster 1
NUCB1,Cluster 1
CEACAM20,Cluster 1
DNAJC16,Cluster 1
IL31,Cluster 1
IL18RAP,Cluster 1
CHIT1,Cluster 1
INSL5,Cluster 1
ALPI,Cluster 1
ANTXR1,Cluster 1
TXNDC11,Cluster 1
TNFRSF14,Cluster 1
TFF2,Cluster 1
MMP10,Cluster 1
CD59,Cluster 1
MAGEA4,Cluster 1
RPN1,Cluster 1
CLCA1,Cluster 1
TMEM106A,Cluster 1
RNF43,Cluster 1
PGRMC2,Cluster 1
ACRV1,Cluster 1
SCIMP,Cluster 1
COL6A3,Cluster 1
CSF2RB,Cluster 1
KCNIP3,Cluster 1
PTGDS,Cluster 1
MXRA8,Cluster 1
DHX9,Cluster 1
DPEP1,Cluster 1
PSMB6,Cluster 1
NRAS,Cluster 1
PARP1,Cluster 1
COX6A2,Cluster 1
CD99L2,Cluster 1
TSPEAR,Cluster 1
BMPR1B,Cluster 1
LAT,Cluster 1
KLRC4,Cluster 1
TOR1AIP2,Cluster 1
GLB1,Cluster 1
TEX29,Cluster 1
PCDH9,Cluster 1
ITM2C,Cluster 1
PGLYRP3,Cluster 1
NETO2,Cluster 1
LYSMD3,Cluster 1
SLITRK3,Cluster 1
MFAP2,Cluster 1
MGAT1,Cluster 1
CST8,Cluster 1
B2M,Cluster 1
PUF60,Cluster 1
PLXDC2,Cluster 1
SFTA2,Cluster 1
POMK,Cluster 1
TMEM108,Cluster 1
NDUFS4,Cluster 1
ST3GAL5,Cluster 1
RAET1L,Cluster 1
CLGN,Cluster 1
HTN3,Cluster 1
APMAP,Cluster 1
TOR1AIP1,Cluster 1
HTN1,Cluster 1
PLOD3,Cluster 1
GOLM2,Cluster 1
MPZ,Cluster 1
PODXL2,Cluster 1
LRP2,Cluster 1
MSMB,Cluster 1
PRR16,Cluster 1
MUC1,Cluster 1
SPINK13,Cluster 1
ST6GALNAC3,Cluster 1
APLP2,Cluster 1
HTATIP2,Cluster 1
CD200R1,Cluster 1
ELAPOR1,Cluster 1
TINF2,Cluster 1
OLFM3,Cluster 1
ASCC1,Cluster 1
INSIG1,Cluster 1
GNPTG,Cluster 1
C1orf185,Cluster 1
STX4,Cluster 1
SEMA3E,Cluster 1
SFTPB,Cluster 1
TMX2,Cluster 1
NDUFB4,Cluster 1
KLRG2,Cluster 1
WFDC10B,Cluster 1
LRP1,Cluster 1
IGSF11,Cluster 1
COL28A1,Cluster 1
SUDS3,Cluster 1
IRAG2,Cluster 1
GNRH2,Cluster 1
ZPBP2,Cluster 1
CD300LB,Cluster 1
ACE,Cluster 1
PSMD5,Cluster 1
HSPA1A,Cluster 1
SYK,Cluster 1
HS3ST5,Cluster 1
GAL3ST2,Cluster 1
SERPINB1,Cluster 1
FBLN5,Cluster 1
CSF1,Cluster 1
SLITRK1,Cluster 1
DKK3,Cluster 1
PCDHB2,Cluster 1
CDYL2,Cluster 1
ADAM7,Cluster 1
PROK2,Cluster 1
UCN3,Cluster 1
KERA,Cluster 1
GRIA4,Cluster 1
TMED2,Cluster 1
ADGRG2,Cluster 1
CSGALNACT2,Cluster 1
RAB3D,Cluster 1
CLEC4G,Cluster 1
LRRC52,Cluster 1
CD300E,Cluster 1
SERPINH1,Cluster 1
EFNA2,Cluster 1
KLRB1,Cluster 1
CD1A,Cluster 1
HABP4,Cluster 1
PILRA,Cluster 1
TOMM20L,Cluster 1
SMPD1,Cluster 1
FBLN1,Cluster 1
VSIG10,Cluster 1
LINGO3,Cluster 1
EFCAB14,Cluster 1
B4GALT6,Cluster 1
HHIP,Cluster 1
A4GNT,Cluster 1
GCNT4,Cluster 1
SIGLEC15,Cluster 1
BTNL3,Cluster 1
EBI3,Cluster 1
HNRNPDL,Cluster 1
PLXNB2,Cluster 1
PPP4R3A,Cluster 1
SPAST,Cluster 1
BRAT1,Cluster 1
FAM163B,Cluster 1
DSC1,Cluster 1
C6orf89,Cluster 1
MRAP2,Cluster 1
LCTL,Cluster 1
OSMR,Cluster 1
SCGN,Cluster 1
TMPRSS11B,Cluster 1
STMN2,Cluster 1
ASPRV1,Cluster 1
STX8,Cluster 1
NTM,Cluster 1
GALNT13,Cluster 1
CEACAM4,Cluster 1
PLA2R1,Cluster 1
GNGT2,Cluster 1
CYB5D2,Cluster 1
CALN1,Cluster 1
CD58,Cluster 1
PLEKHA4,Cluster 1
SRL,Cluster 1
STX6,Cluster 1
PLD3,Cluster 1
RPLP2,Cluster 1
CLEC2A,Cluster 1
CLEC10A,Cluster 1
GCSH,Cluster 1
BET1L,Cluster 1
PLAAT4,Cluster 1
AHSG,Cluster 1
PRL,Cluster 1
ART3,Cluster 1
SPINK7,Cluster 1
MUCL1,Cluster 1
UCMA,Cluster 1
GH2,Cluster 1
ACHE,Cluster 1
NRG3,Cluster 1
LRRK2,Cluster 1
BGLAP,Cluster 1
IL5,Cluster 1
GPD1,Cluster 1
IGHA1|IGHA2,Cluster 1
CLC,Cluster 1
N6AMT1,Cluster 1
PDXK,Cluster 1
TLR4,Cluster 1
REG4,Cluster 1
HSPB1,Cluster 1
CHI3L1,Cluster 1
ENO1,Cluster 1
TENM3,Cluster 1
SVEP1,Cluster 1
TMEM119,Cluster 1
TMEM167A,Cluster 1
C11orf87,Cluster 1
SPATA20,Cluster 1
RAB17,Cluster 1
NAT14,Cluster 1
VWC2,Cluster 1
SPG21,Cluster 1
TRIO,Cluster 1
TMEM132C,Cluster 1
BMP15,Cluster 1
CACNB4,Cluster 1
MTRF1L,Cluster 1
MRPL55,Cluster 1
RUNX3,Cluster 1
COL1A1,Cluster 1
ANGPTL1,Cluster 1
DEFB116,Cluster 1
KIAA1549L,Cluster 1
TBX22,Cluster 1
TREML1,Cluster 1
TLR1,Cluster 1
COL6A1,Cluster 1
KLK13,Cluster 1
NFE2L1,Cluster 1
COL6A5,Cluster 1
BICDL1,Cluster 1
MUL1,Cluster 1
RNF122,Cluster 1
SPART,Cluster 1
EQTN,Cluster 1
FAM162B,Cluster 1
TENM2,Cluster 1
MTMR1,Cluster 1
MEGF10,Cluster 1
FLNA,Cluster 1
MILR1,Cluster 1
THSD7A,Cluster 1
LPCAT2,Cluster 1
KRT5,Cluster 1
TSSK1B,Cluster 1
SMARCC1,Cluster 1
CHGA,Cluster 1
GCH1,Cluster 1
TMEM52,Cluster 1
CLEC12A,Cluster 1
YME1L1,Cluster 1
TINAGL1,Cluster 1
HNF1A,Cluster 1
SIT1,Cluster 1
CREB3L1,Cluster 1
CD93,Cluster 1
PUS1,Cluster 1
TBX5,Cluster 1
PKLR,Cluster 1
CXADR,Cluster 1
ITGB7,Cluster 1
MSR1,Cluster 1
NAGPA,Cluster 1
TBCE,Cluster 1
TXNDC5,Cluster 1
DNAJB9,Cluster 1
CDH15,Cluster 1
CTBP1,Cluster 1
TPMT,Cluster 1
FGFBP3,Cluster 1
C10orf105,Cluster 1
TMEM154,Cluster 1
UBE3A,Cluster 1
TBL2,Cluster 1
RIC3,Cluster 1
ERN1,Cluster 1
FDX2,Cluster 1
TCN1,Cluster 1
PCOLCE,Cluster 1
TMPRSS6,Cluster 1
ASL,Cluster 1
TGM1,Cluster 1
ADGRF1,Cluster 1
BPIFB1,Cluster 1
NAGS,Cluster 1
UROS,Cluster 1
LRCH4,Cluster 1
PAPLN,Cluster 1
QDPR,Cluster 1
MADCAM1,Cluster 1
SUN5,Cluster 1
TRABD,Cluster 1
CASQ1,Cluster 1
XDH,Cluster 1
ALDH1A1,Cluster 1
SELPLG,Cluster 1
CHCHD10,Cluster 1
GSTT2B,Cluster 1
LRP1B,Cluster 1
ATF6,Cluster 1
COL11A2,Cluster 1
GABBR1,Cluster 1
GAD1,Cluster 1
GRB7,Cluster 1
DCAF5,Cluster 1
LAIR1,Cluster 1
CD34,Cluster 1
SELENOS,Cluster 1
CYB5A,Cluster 1
NT5C2,Cluster 1
CSNK1D,Cluster 1
SCARA3,Cluster 1
LRRN1,Cluster 1
TMCC3,Cluster 1
NOTCH2,Cluster 1
SORT1,Cluster 1
TNR,Cluster 1
SAMHD1,Cluster 1
WWP1,Cluster 1
CREB3L4,Cluster 1
DSG3,Cluster 1
RAG1,Cluster 1
PMS2,Cluster 1
PCBD1,Cluster 1
PPM1D,Cluster 1
APOA5,Cluster 1
MRE11,Cluster 1
CHFR,Cluster 1
PXDNL,Cluster 1
BTG2,Cluster 1
CLK2,Cluster 1
USB1,Cluster 1
CSNK2B,Cluster 1
ARHGAP25,Cluster 1
LILRB3,Cluster 1
FANCF,Cluster 1
BLK,Cluster 1
TALDO1,Cluster 1
P4HA2,Cluster 1
NHEJ1,Cluster 1
TTN,Cluster 0
PLCB1,Cluster 1
EIF5A2,Cluster 1
ESS2,Cluster 1
GRB10,Cluster 1
RRM1,Cluster 1
TYMP,Cluster 1
AQP4,Cluster 1
MFN1,Cluster 1
TENM4,Cluster 1
AK2,Cluster 1
ADH5,Cluster 1
INPP5E,Cluster 1
GPR101,Cluster 1
ZNF18,Cluster 1
FOXL2,Cluster 1
ADH7,Cluster 1
RBM24,Cluster 1
PRPS1,Cluster 1
BLVRA,Cluster 1
KRT7,Cluster 1
ATF6B,Cluster 1
WFDC2,Cluster 1
CA8,Cluster 1
MVK,Cluster 1
PTK2B,Cluster 1
DNAI1,Cluster 1
RNF146,Cluster 1
KMT2C,Cluster 1
CARD9,Cluster 1
ACAD8,Cluster 1
PLSCR3,Cluster 1
FBXL4,Cluster 1
EHD4,Cluster 1
DLX3,Cluster 1
FAH,Cluster 1
RUFY1,Cluster 1
PDLIM1,Cluster 1
HNRNPC,Cluster 1
DTX1,Cluster 1
RECQL,Cluster 1
PQBP1,Cluster 1
TCTN2,Cluster 1
INA,Cluster 1
DNAJB2,Cluster 1
RHPN2,Cluster 1
SOCS3,Cluster 1
PYGL,Cluster 1
DNER,Cluster 1
POLR3F,Cluster 1
GALK1,Cluster 1
CAPZA1,Cluster 1
P4HB,Cluster 1
EIF3G,Cluster 1
MAGEB10,Cluster 1
GALE,Cluster 1
PCBP1,Cluster 1
ELL,Cluster 1
RBFOX2,Cluster 1
RELB,Cluster 1
GPR135,Cluster 1
RBM19,Cluster 1
VPS4A,Cluster 1
ALDH3A1,Cluster 1
HAVCR2,Cluster 1
ZNF174,Cluster 1
SPOCK1,Cluster 1
UBL4A,Cluster 1
DYNLL2,Cluster 1
ELL2,Cluster 1
APOL1,Cluster 1
CD38,Cluster 1
FABP1,Cluster 1
HMBS,Cluster 1
VSIR,Cluster 1
LRIT3,Cluster 1
MYSM1,Cluster 1
TFR2,Cluster 1
MLYCD,Cluster 1
ATP5MF,Cluster 1
FOXO3,Cluster 1
TMEM230,Cluster 1
LIMA1,Cluster 1
PHF3,Cluster 1
CYGB,Cluster 1
MUSK,Cluster 1
CDC25A,Cluster 1
ISL1,Cluster 1
HMG20B,Cluster 1
ARFGAP1,Cluster 1
SMURF1,Cluster 1
NFATC4,Cluster 1
POLE2,Cluster 1
SYTL4,Cluster 1
ZNF23,Cluster 1
KRT72,Cluster 1
ZNF10,Cluster 1
FKBP1B,Cluster 1
BCAP29,Cluster 1
KLRC3,Cluster 1
DNM2,Cluster 1
SRSF6,Cluster 1
DNAJA2,Cluster 1
MGA,Cluster 1
RBM23,Cluster 1
PRC1,Cluster 1
ELAVL1,Cluster 1
CXCL9,Cluster 1
ZNF75D,Cluster 1
DHX8,Cluster 1
CPNE1,Cluster 1
DNAJB6,Cluster 1
BRD1,Cluster 1
MAP1LC3B,Cluster 1
ERH,Cluster 1
DAPP1,Cluster 1
HSF1,Cluster 1
ITGAL,Cluster 1
MYB,Cluster 1
UBE2V1,Cluster 1
TRAF4,Cluster 1
AHSA1,Cluster 1
RGS10,Cluster 1
TAGLN2,Cluster 1
B3GALT2,Cluster 1
DTX3L,Cluster 1
P4HA1,Cluster 1
CHST9,Cluster 1
FZD10,Cluster 1
SMAP1,Cluster 1
AGO1,Cluster 1
SLC6A9,Cluster 1
NRSN1,Cluster 1
EVL,Cluster 1
SOCS7,Cluster 1
CLINT1,Cluster 1
NLRP1,Cluster 1
ARFGAP2,Cluster 1
RGS8,Cluster 1
TNS2,Cluster 1
SLCO5A1,Cluster 1
BRPF1,Cluster 1
KIF16B,Cluster 1
ZDHHC14,Cluster 1
GJD2,Cluster 1
AGFG1,Cluster 1
TXNIP,Cluster 1
GGA3,Cluster 1
ANAPC7,Cluster 1
SHC4,Cluster 1
CRABP2,Cluster 1
PTP4A2,Cluster 1
LCN1,Cluster 1
CPT1B,Cluster 1
UNC45A,Cluster 1
POU2F1,Cluster 1
LRIT2,Cluster 1
MET,Cluster 1
JAK2,Cluster 1
RPS6KB1,Cluster 1
PPARGC1A,Cluster 1
RORC,Cluster 1
PTPN11,Cluster 1
FXN,Cluster 1
DDR1,Cluster 1
TNFRSF18,Cluster 1
PIEZO1,Cluster 1
TREM2,Cluster 1
PCDHGB1,Cluster 1
DLX4,Cluster 1
LRRC4B,Cluster 1
AAGAB,Cluster 1
INTS3,Cluster 1
EGF,Cluster 1
IGDCC3,Cluster 1
ARHGAP1,Cluster 1
CRABP1,Cluster 1
S100A2,Cluster 1
PTPRH,Cluster 1
EMC1,Cluster 1
TJP1,Cluster 1
CD7,Cluster 1
PTS,Cluster 1
CBL,Cluster 1
TPK1,Cluster 1
BPGM,Cluster 1
SMAD4,Cluster 1
DES,Cluster 1
BUB1,Cluster 1
CAP1,Cluster 1
HSPA1L,Cluster 1
TARDBP,Cluster 1
MSTN,Cluster 1
RPS6KA1,Cluster 1
EEF2K,Cluster 1
RPIA,Cluster 1
SHMT1,Cluster 1
EGFLAM,Cluster 1
AARS1,Cluster 1
DUSP6,Cluster 1
ACAP2,Cluster 1
ANAPC10,Cluster 1
CCM2,Cluster 1
SARS2,Cluster 1
ETS2,Cluster 1
ARRDC3,Cluster 1
MRRF,Cluster 1
SRI,Cluster 1
SNAP29,Cluster 1
IGBP1,Cluster 1
RRAS2,Cluster 1
TRIB2,Cluster 1
RUVBL1,Cluster 1
CRYGD,Cluster 1
MACO1,Cluster 1
KAT2B,Cluster 1
APOF,Cluster 1
TPM3,Cluster 0
TRA2B,Cluster 1
PAFAH1B3,Cluster 1
CDKN2D,Cluster 1
TAPBP,Cluster 1
CBR1,Cluster 1
DDX58,Cluster 1
COPS7B,Cluster 1
CAPN3,Cluster 1
RNPEP,Cluster 1
PDLIM4,Cluster 1
ORC6,Cluster 1
PDZD7,Cluster 1
ARL1,Cluster 1
C16orf54,Cluster 1
DARS2,Cluster 1
HIBCH,Cluster 1
PAX4,Cluster 1
CCDC50,Cluster 1
UBE2T,Cluster 1
STAMBPL1,Cluster 1
RAB39B,Cluster 1
DIRAS3,Cluster 1
RAB22A,Cluster 1
RAB7B,Cluster 1
MAX,Cluster 1
YWHAB,Cluster 1
EDF1,Cluster 1
TPRKB,Cluster 1
GPD1L,Cluster 1
ALOX15B,Cluster 1
A1CF,Cluster 1
THYN1,Cluster 1
ARF6,Cluster 1
MOB1A,Cluster 1
CDC25B,Cluster 1
LYPLAL1,Cluster 1
PAIP1,Cluster 1
PELO,Cluster 1
CACYBP,Cluster 1
ARL11,Cluster 1
IST1,Cluster 1
GSTO1,Cluster 1
ULK3,Cluster 1
MPG,Cluster 1
IRF9,Cluster 1
RHOD,Cluster 1
NR5A2,Cluster 1
ANKRD27,Cluster 1
GSTA1,Cluster 1
NMT1,Cluster 1
PPIH,Cluster 1
PMVK,Cluster 1
BACH1,Cluster 1
KMT5C,Cluster 1
NXF1,Cluster 1
NTMT1,Cluster 1
MYNN,Cluster 1
PFKFB3,Cluster 1
ADI1,Cluster 1
CHP1,Cluster 1
PLEKHA1,Cluster 1
PSMA7,Cluster 1
SIRT5,Cluster 1
SETMAR,Cluster 1
KLHL13,Cluster 1
HNRNPA1,Cluster 1
MAPRE1,Cluster 1
STAU1,Cluster 1
KCTD5,Cluster 1
CLIC5,Cluster 1
TIGAR,Cluster 1
TSN,Cluster 1
RPL30,Cluster 1
PRKAR1B,Cluster 1
OTUD5,Cluster 1
BPTF,Cluster 1
RORB,Cluster 1
PITPNB,Cluster 1
GLRX2,Cluster 1
MCTS1,Cluster 1
LAMTOR3,Cluster 1
CLIC4,Cluster 1
OTUB2,Cluster 1
GABARAPL2,Cluster 1
NUDT16L1,Cluster 1
TAX1BP3,Cluster 1
SH3GL2,Cluster 1
UBA2,Cluster 1
TBCA,Cluster 1
GPR68,Cluster 1
LMOD1,Cluster 1
ITPKC,Cluster 1
CHMP3,Cluster 1
COMMD1,Cluster 1
STAP1,Cluster 1
SLC41A2,Cluster 1
GLTP,Cluster 1
METTL1,Cluster 1
UCK2,Cluster 1
TEAD4,Cluster 1
PDCD5,Cluster 1
PBRM1,Cluster 1
CDKN2C,Cluster 1
RAD23B,Cluster 1
SAT2,Cluster 1
THRA,Cluster 1
WRNIP1,Cluster 1
FKBP6,Cluster 1
CKS1B,Cluster 1
ERVV-1,Cluster 1
CDC34,Cluster 1
CYTH2,Cluster 1
CALCOCO2,Cluster 1
XRCC1,Cluster 1
MTMR6,Cluster 1
PURA,Cluster 1
RGS7,Cluster 1
RHOG,Cluster 1
ZNF560,Cluster 1
SMTN,Cluster 1
RRAGC,Cluster 1
HPGDS,Cluster 1
ITCH,Cluster 1
VRK1,Cluster 1
RAD51D,Cluster 1
UBE2C,Cluster 1
NOVA1,Cluster 1
UBASH3B,Cluster 1
NT5C,Cluster 1
PKN1,Cluster 1
TNFAIP8,Cluster 1
NIP7,Cluster 1
KEAP1,Cluster 1
CCT5,Cluster 1
ARL3,Cluster 1
EFS,Cluster 1
TRIM3,Cluster 1
EDN2,Cluster 1
MTHFD1,Cluster 1
MAGEA3,Cluster 1
FEN1,Cluster 1
ARF3,Cluster 1
PSMB5,Cluster 1
IMPA2,Cluster 1
ARAF,Cluster 1
ERCC1,Cluster 1
ARL2,Cluster 1
OPHN1,Cluster 1
PDRG1,Cluster 1
GCA,Cluster 1
TMOD1,Cluster 1
ATG5,Cluster 1
FERMT3,Cluster 1
PABPC4,Cluster 1
SCMH1,Cluster 1
EXOSC3,Cluster 1
PSMB1,Cluster 1
NRBP1,Cluster 1
STK24,Cluster 1
AKR1C1,Cluster 1
PPM1A,Cluster 1
SEPTIN11,Cluster 1
PPP2R1A,Cluster 1
ASH1L,Cluster 1
JARID2,Cluster 1
KLHL7,Cluster 1
SENP7,Cluster 1
ATG7,Cluster 1
LANCL2,Cluster 1
ARFIP2,Cluster 1
NAT1,Cluster 1
PTPN9,Cluster 1
BCAR3,Cluster 1
TRDMT1,Cluster 1
SMYD2,Cluster 1
CRAT,Cluster 1
INPP5B,Cluster 1
ARRB1,Cluster 1
ADSS2,Cluster 1
RPE,Cluster 1
SETD2,Cluster 1
MDH2,Cluster 1
GNAI3,Cluster 1
PDK2,Cluster 1
AHCYL1,Cluster 1
CSNK1G2,Cluster 1
NAPB,Cluster 1
KLC1,Cluster 1
TSTA3,Cluster 1
PANK3,Cluster 1
OLA1,Cluster 1
GABARAPL1,Cluster 1
ECH1,Cluster 1
TST,Cluster 1
PTPN13,Cluster 1
ILF2,Cluster 1
GDA,Cluster 1
VPS4B,Cluster 1
HECW1,Cluster 1
RAD1,Cluster 1
SULT1B1,Cluster 1
DARS1,Cluster 1
PACSIN1,Cluster 1
FLII,Cluster 1
SNRPA,Cluster 1
USP21,Cluster 1
KYAT3,Cluster 1
DPYSL5,Cluster 1
SCIN,Cluster 1
HOMER2,Cluster 1
MPST,Cluster 1
DECR1,Cluster 1
RPS6KA6,Cluster 1
ARPC1B,Cluster 1
SEPTIN10,Cluster 1
SHMT2,Cluster 1
DOT1L,Cluster 1
SH3BGRL,Cluster 1
DIMT1,Cluster 1
KLHL12,Cluster 1
PRMT3,Cluster 1
PIP4K2A,Cluster 1
KPNA4,Cluster 1
CCT8,Cluster 1
ACLY,Cluster 1
EIF1B,Cluster 1
PELI2,Cluster 1
NEK7,Cluster 1
SH2D3C,Cluster 1
HERC1,Cluster 1
CDC42BPA,Cluster 1
DPYSL3,Cluster 1
L3MBTL2,Cluster 1
H1-10,Cluster 1
GJA8,Cluster 1
HMG20A,Cluster 1
RGS19,Cluster 1
AP1G2,Cluster 1
DCP1B,Cluster 1
ZNF175,Cluster 1
TOX3,Cluster 1
PIN4,Cluster 1
UBQLN4,Cluster 1
TAX1BP1,Cluster 1
CIRBP,Cluster 1
RFXAP,Cluster 1
PTGFRN,Cluster 1
PSMG3,Cluster 1
NDC80,Cluster 1
PLEKHA7,Cluster 1
MPP7,Cluster 1
KIF22,Cluster 1
CSDE1,Cluster 1
PLS1,Cluster 1
NISCH,Cluster 1
FEV,Cluster 1
TMEM8B,Cluster 1
BAG5,Cluster 1
CYTH4,Cluster 1
RBM3,Cluster 1
BRDT,Cluster 1
ITGB2,Cluster 1
ZHX1,Cluster 1
APBB2,Cluster 1
CSDC2,Cluster 1
BACH2,Cluster 1
GRID2,Cluster 1
ILF3,Cluster 1
ZNF774,Cluster 1
ZNF334,Cluster 1
ELMO1,Cluster 1
GPR142,Cluster 1
PPP1R3B,Cluster 1
ZNF180,Cluster 1
NUP98,Cluster 1
HCN1,Cluster 1
HMGB3,Cluster 1
SF1,Cluster 1
PRDM4,Cluster 1
TARBP2,Cluster 1
HNRNPM,Cluster 1
APBB3,Cluster 1
ZBTB33,Cluster 1
GPCPD1,Cluster 1
ZNF134,Cluster 1
SGF29,Cluster 1
CCDC51,Cluster 1
PIWIL1,Cluster 1
NLRP4,Cluster 1
ZNF566,Cluster 1
NUDT3,Cluster 1
SLC4A8,Cluster 1
DNAJC27,Cluster 1
TPPP2,Cluster 1
IRF2,Cluster 1
ZNF329,Cluster 1
GMEB2,Cluster 1
ARHGAP30,Cluster 1
CARHSP1,Cluster 1
ZNF415,Cluster 1
ACYP2,Cluster 1
EHBP1,Cluster 1
RNPC3,Cluster 1
IARS1,Cluster 1
GEM,Cluster 1
SLC14A2,Cluster 1
GRAP,Cluster 1
NLRP10,Cluster 1
APBB1,Cluster 1
APPL1,Cluster 1
SLC5A5,Cluster 1
RGS3,Cluster 1
SAP18,Cluster 1
TESC,Cluster 1
ASH2L,Cluster 1
KCNF1,Cluster 1
PYDC1,Cluster 1
DUSP15,Cluster 1
STX10,Cluster 1
ZNF410,Cluster 1
BAG4,Cluster 1
SNX17,Cluster 1
FBXL5,Cluster 1
RNGTT,Cluster 1
ARHGEF2,Cluster 1
GSKIP,Cluster 1
POLM,Cluster 1
TMOD2,Cluster 1
TEAD3,Cluster 1
CASS4,Cluster 1
TMEM237,Cluster 1
ECI2,Cluster 1
ARPP21,Cluster 1
TMOD3,Cluster 1
NEDD9,Cluster 1
NIPAL4,Cluster 1
DYNLT3,Cluster 1
DDX6,Cluster 1
TWF1,Cluster 1
CNGA2,Cluster 1
SPN,Cluster 1
UBTD2,Cluster 1
SPEF1,Cluster 1
OSBPL11,Cluster 1
RBL1,Cluster 1
SV2A,Cluster 1
RDH16,Cluster 1
PARP11,Cluster 1
NR1D2,Cluster 1
SAP30,Cluster 1
MICALL2,Cluster 1
SYTL1,Cluster 1
IFI16,Cluster 1
PAXIP1,Cluster 1
DGKB,Cluster 1
CUBN,Cluster 1
MTCP1,Cluster 1
KRT17,Cluster 1
AXIN2,Cluster 1
NR3C2,Cluster 1
ENOX1,Cluster 1
HERC5,Cluster 1
RLBP1,Cluster 1
POLR1C,Cluster 1
ALDH3B1,Cluster 1
RAB18,Cluster 1
PPARA,Cluster 1
KIFBP,Cluster 1
UQCRB,Cluster 1
GCK,Cluster 1
GPR107,Cluster 1
CSRP2,Cluster 1
STAU2,Cluster 1
KRT20,Cluster 1
SORBS3,Cluster 1
RBM22,Cluster 1
LIN7C,Cluster 1
SRSF7,Cluster 1
EWSR1,Cluster 1
MAP3K3,Cluster 1
NPLOC4,Cluster 1
LCN10,Cluster 1
RPS10,Cluster 1
PRKN,Cluster 1
TP53I11,Cluster 1
FRS2,Cluster 1
CBX7,Cluster 1
PPP1R8,Cluster 1
KCNA10,Cluster 1
ATAD2,Cluster 1
TSG101,Cluster 1
SLC6A14,Cluster 1
PFN2,Cluster 1
PSD,Cluster 1
SLC6A16,Cluster 1
RFK,Cluster 1
GMFG,Cluster 1
EDC4,Cluster 1
PRKG1,Cluster 1
CCS,Cluster 1
ANP32A,Cluster 1
FXR1,Cluster 1
CETN2,Cluster 1
VARS1,Cluster 1
GLP1R,Cluster 1
BTC,Cluster 1
HIF1A,Cluster 1
S100A6,Cluster 1
SECTM1,Cluster 1
RSPO3,Cluster 1
REG1A,Cluster 1
BCL2L2,Cluster 1
VEGFD,Cluster 1
SOST,Cluster 1
FAM3D,Cluster 1
CSH1|CSH2,Cluster 1
EFNB1,Cluster 1
SNAP25,Cluster 1
LYPD3,Cluster 1
NEGR1,Cluster 1
BCL6,Cluster 1
FSTL1,Cluster 1
SPP1,Cluster 1
LUM,Cluster 1
CD177,Cluster 1
CHKB,Cluster 1
SMOC1,Cluster 1
SERPINA10,Cluster 1
FLRT2,Cluster 1
FLRT3,Cluster 1
ISLR2,Cluster 1
VTN,Cluster 1
DSC2,Cluster 1
LDLR,Cluster 1
HK2,Cluster 1
HK1,Cluster 1
SEMA5A,Cluster 1
LTBP4,Cluster 1
MDM2,Cluster 1
MDM4,Cluster 1
IGHG2,Cluster 1
IGHG4,Cluster 1
WNT3A,Cluster 1
SHANK1,Cluster 1
SHANK3,Cluster 1
WNT5A,Cluster 1
DEFB113,Cluster 1
SYNGR3,Cluster 1
CYB561D1,Cluster 1
C5orf63,Cluster 1
B4GALT1,Cluster 1
FH,Cluster 1
RNF34,Cluster 1
EHF,Cluster 1
PCSK1,Cluster 1
ATP1B1,Cluster 1
DERL1,Cluster 1
DEFB4A,Cluster 1
RELL1,Cluster 1
ETV5,Cluster 1
SPINK2,Cluster 1
CD300C,Cluster 1
WFIKKN2,Cluster 1
RNF41,Cluster 1
WFDC6,Cluster 1
TMEM132D,Cluster 1
TMEM167B,Cluster 1
ENOX2,Cluster 1
PRXL2A,Cluster 1
MAN1C1,Cluster 1
WFDC10A,Cluster 1
SLC14A1,Cluster 1
SHISAL2A,Cluster 1
ZFYVE27,Cluster 1
PARVA,Cluster 1
IL20RB,Cluster 1
MAZ,Cluster 1
CHRD,Cluster 1
IQCF3,Cluster 1
DIXDC1,Cluster 1
SPRN,Cluster 1
SF3B4,Cluster 1
USP8,Cluster 1
FNDC4,Cluster 1
SMIM13,Cluster 1
MRPL33,Cluster 1
ELF5,Cluster 1
TOR4A,Cluster 1
CHAD,Cluster 1
PXDN,Cluster 1
NRAC,Cluster 1
RCAN1,Cluster 1
NEURL4,Cluster 1
PTH1R,Cluster 1
HDHD2,Cluster 1
ITPKA,Cluster 1
GSTK1,Cluster 1
UBE2D4,Cluster 1
KIN,Cluster 1
LTB4R,Cluster 1
FAM171A2,Cluster 1
TCEA2,Cluster 1
CNOT1,Cluster 1
TMEM87B,Cluster 1
PKD2,Cluster 1
UNC93B1,Cluster 1
ARFIP1,Cluster 1
MPP6,Cluster 1
PDE6D,Cluster 1
HSPA9,Cluster 1
GRID1,Cluster 1
CERS5,Cluster 1
HCAR2,Cluster 1
HMGCS1,Cluster 1
EIF3J,Cluster 1
MIOX,Cluster 1
F8,Cluster 1
SLC35G2,Cluster 1
SLC26A11,Cluster 1
ARL6IP5,Cluster 1
HNRNPR,Cluster 1
DUS2,Cluster 1
TRADD,Cluster 1
SCAMP5,Cluster 1
ATP2A3,Cluster 1
SATB1,Cluster 1
PIAS3,Cluster 1
RAB35,Cluster 1
RPRD1A,Cluster 1
EMC4,Cluster 1
PTCHD3,Cluster 1
ASAP2,Cluster 1
ARHGEF25,Cluster 1
VSNL1,Cluster 1
HS6ST2,Cluster 1
KCNG4,Cluster 1
SSB,Cluster 1
NAP1L2,Cluster 1
UTS2R,Cluster 1
CNEP1R1,Cluster 1
MYOM2,Cluster 0
CERT1,Cluster 1
POLI,Cluster 1
KCNN1,Cluster 1
GPR26,Cluster 1
MYCT1,Cluster 1
PTGR1,Cluster 1
ARHGAP45,Cluster 1
EIF1AD,Cluster 1
HTR7,Cluster 1
PLPP4,Cluster 1
ADAM29,Cluster 1
SWAP70,Cluster 1
DCUN1D3,Cluster 1
REPIN1,Cluster 1
HTR2A,Cluster 1
NECTIN3,Cluster 1
HTR6,Cluster 1
ACBD7,Cluster 1
RBL2,Cluster 1
SSU72,Cluster 1
DPYSL2,Cluster 1
PSMD4,Cluster 1
HDLBP,Cluster 1
PSMD11,Cluster 1
ARPC3,Cluster 1
RND1,Cluster 1
DVL2,Cluster 1
GSTP1,Cluster 1
U2AF2,Cluster 1
ABLIM3,Cluster 1
UAP1,Cluster 1
APAF1,Cluster 1
RACGAP1,Cluster 1
ANXA9,Cluster 1
REXO2,Cluster 1
PRIM1,Cluster 1
GGA1,Cluster 1
THTPA,Cluster 1
RAB27B,Cluster 1
RAB31,Cluster 1
RABEPK,Cluster 1
SNU13,Cluster 1
RFESD,Cluster 1
NEURL1,Cluster 1
ANXA10,Cluster 1
GTF2I,Cluster 1
MAGEA10,Cluster 1
CYTIP,Cluster 1
AK5,Cluster 1
CREBBP,Cluster 1
NCK2,Cluster 1
MAD1L1,Cluster 1
GET3,Cluster 1
AP2A2,Cluster 1
PPP2R5A,Cluster 1
KMT2D,Cluster 1
NADK,Cluster 1
GRB14,Cluster 1
ATG4B,Cluster 1
RBBP5,Cluster 1
ZYX,Cluster 1
PIR,Cluster 1
NAP1L1,Cluster 1
USO1,Cluster 1
IFIT3,Cluster 1
HGS,Cluster 1
DHX38,Cluster 1
KCNIP1,Cluster 1
ZFP91,Cluster 1
TOM1L1,Cluster 1
MACROD1,Cluster 1
ROCK2,Cluster 1
NCL,Cluster 1
PNKP,Cluster 1
PDGFC,Cluster 1
ATP13A1,Cluster 1
ANGPT2,Cluster 1
CST5,Cluster 1
IL4,Cluster 1
PPP2R3A,Cluster 1
CA10,Cluster 1
TYRO3,Cluster 1
FGFR3,Cluster 1
PLA2G2E,Cluster 1
ELANE,Cluster 1
HSPA6,Cluster 1
CCT7,Cluster 1
INHBB,Cluster 1
CFD,Cluster 1
NAB2,Cluster 1
CSNK2A2,Cluster 1
CSF1R,Cluster 1
CLCNKB,Cluster 1
IL5RA,Cluster 1
CCL1,Cluster 1
CAPSL,Cluster 1
ODC1,Cluster 1
BGN,Cluster 1
SLC5A8,Cluster 1
CCN4,Cluster 1
CDNF,Cluster 1
CRLF2,Cluster 1
KIAA0319L,Cluster 1
KLK3,Cluster 1
ANXA2,Cluster 1
CXCL13,Cluster 1
HMGCS2,Cluster 1
IL12RB1,Cluster 1
KLK8,Cluster 1
SERPING1,Cluster 1
CLTC,Cluster 1
GZMA,Cluster 1
SEC22A,Cluster 1
FCN2,Cluster 1
PAK4,Cluster 1
PRTN3,Cluster 1
C9,Cluster 1
IL10,Cluster 1
FGF19,Cluster 1
FGF16,Cluster 1
CD80,Cluster 1
SPOP,Cluster 1
ERP29,Cluster 1
SFXN5,Cluster 1
CTSC,Cluster 1
C7,Cluster 1
CTF1,Cluster 1
IL12B,Cluster 1
IFNL1,Cluster 1
RAP1GAP,Cluster 1
INHBA,Cluster 1
FLRT1,Cluster 1
FRZB,Cluster 1
IGFBP1,Cluster 1
IL22,Cluster 1
CUL4B,Cluster 1
IL3RA,Cluster 1
CA6,Cluster 1
CCL8,Cluster 1
MYZAP,Cluster 1
RMI1,Cluster 1
CROT,Cluster 1
APOBEC3G,Cluster 1
PSMD9,Cluster 1
ARHGEF7,Cluster 1
NAB1,Cluster 1
MCF2L,Cluster 1
PGK2,Cluster 1
CAND1,Cluster 1
UGP2,Cluster 1
FARS2,Cluster 1
SPSB1,Cluster 1
DPY30,Cluster 1
SULT1A3,Cluster 1
DDX23,Cluster 1
NUDT12,Cluster 1
GABBR2,Cluster 1
GNPNAT1,Cluster 1
DAPK1,Cluster 1
RBM46,Cluster 1
LAP3,Cluster 1
AGAP3,Cluster 1
KIF3A,Cluster 1
TOLLIP,Cluster 1
MYOM3,Cluster 1
TXNRD1,Cluster 1
KPNA6,Cluster 1
HSD17B14,Cluster 1
TTL,Cluster 1
PPFIA1,Cluster 1
ARHGEF1,Cluster 1
BARD1,Cluster 1
TBX3,Cluster 1
SLC26A7,Cluster 1
RGS18,Cluster 1
CRYZ,Cluster 1
DDX25,Cluster 1
SMURF2,Cluster 1
LANCL1,Cluster 1
NMRAL1,Cluster 1
PC,Cluster 1
EIF4G3,Cluster 1
NSF,Cluster 1
EPB41L1,Cluster 1
FBL,Cluster 1
PPCDC,Cluster 1
ADSS1,Cluster 1
DOCK9,Cluster 1
CHD7,Cluster 1
GNMT,Cluster 1
PAPSS1,Cluster 1
DCP1A,Cluster 1
TNFAIP3,Cluster 1
S100A11,Cluster 1
DHX58,Cluster 1
TANK,Cluster 1
EVPL,Cluster 1
MED4,Cluster 1
IL17B,Cluster 1
IBSP,Cluster 1
EDA,Cluster 1
TNFRSF9,Cluster 1
IL17F,Cluster 1
PIK3C2A,Cluster 1
COPS2,Cluster 1
TNFSF4,Cluster 1
FGF7,Cluster 1
VEGFA,Cluster 1
TACSTD2,Cluster 1
TIAM1,Cluster 1
MPDZ,Cluster 1
RANBP3,Cluster 1
CST7,Cluster 1
KLK5,Cluster 1
GZMB,Cluster 1
SFRP1,Cluster 1
EEA1,Cluster 1
NCOA2,Cluster 1
BDNF,Cluster 1
IL1RAP,Cluster 1
IL7,Cluster 1
EFNA4,Cluster 1
FOXC2,Cluster 1
UNC13A,Cluster 1
IL15RA,Cluster 1
CGA,Cluster 1
TNFSF15,Cluster 1
NCF4,Cluster 1
TNFSF11,Cluster 1
OSM,Cluster 1
PGLYRP1,Cluster 1
CD5,Cluster 1
MAGI2,Cluster 1
PKP2,Cluster 1
CCL25,Cluster 1
CA4,Cluster 0
ITSN1,Cluster 1
TPT1,Cluster 1
HPX,Cluster 1
SHC2,Cluster 1
CST4,Cluster 1
FCN3,Cluster 1
XCL1,Cluster 1
IL18R1,Cluster 1
ULBP1,Cluster 1
TLN2,Cluster 1
SEPHS1,Cluster 1
IL13,Cluster 1
SMPDL3A,Cluster 1
IGFBP6,Cluster 1
DEF6,Cluster 1
CBR3,Cluster 1
FLT3LG,Cluster 1
HBEGF,Cluster 1
KLRK1,Cluster 1
CHST15,Cluster 1
CARS1,Cluster 1
PSMA4,Cluster 1
C1QC,Cluster 1
CNTFR,Cluster 1
GNLY,Cluster 1
TPSG1,Cluster 1
TRIL,Cluster 1
SERPINA4,Cluster 1
RAP1GDS1,Cluster 1
MTHFS,Cluster 1
TGFB1,Cluster 1
CCL15,Cluster 1
SPARC,Cluster 1
THBS2,Cluster 1
RELT,Cluster 1
PIANP,Cluster 1
ADM,Cluster 1
S100A4,Cluster 1
TNFRSF10D,Cluster 1
IFNB1,Cluster 1
IFNA10,Cluster 1
IFNA7,Cluster 1
EFNB2,Cluster 1
HHLA2,Cluster 1
IL1R2,Cluster 1
AMIGO2,Cluster 1
RXFP1,Cluster 1
NRG4,Cluster 1
H2BC21,Cluster 1
H2AW,Cluster 1
H3C1,Cluster 1
ISG15,Cluster 1
IL36B,Cluster 1
IL36A,Cluster 1
EFNA3,Cluster 1
YWHAE,Cluster 1
ANXA5,Cluster 1
SCP2D1,Cluster 1
CDKN3,Cluster 1
RFFL,Cluster 1
PDCL2,Cluster 1
PRDM1,Cluster 1
ANXA7,Cluster 1
FOXJ2,Cluster 1
HEXIM2,Cluster 1
RBP7,Cluster 1
DDX46,Cluster 1
BHMT2,Cluster 1
MYL6B,Cluster 0
MOCS3,Cluster 1
SNX7,Cluster 1
DOK2,Cluster 1
MID2,Cluster 1
BLMH,Cluster 1
PTPN4,Cluster 1
NET1,Cluster 1
SRXN1,Cluster 1
RAB6B,Cluster 1
PREP,Cluster 1
RAB14,Cluster 1
EIF2AK4,Cluster 1
NFATC1,Cluster 1
RAB5C,Cluster 1
AGAP2,Cluster 1
MBD1,Cluster 1
HNRNPH1,Cluster 1
PPIL2,Cluster 1
VPS29,Cluster 1
SMC3,Cluster 1
UBE2E1,Cluster 1
DIDO1,Cluster 1
DYNLT1,Cluster 1
RALA,Cluster 1
RCVRN,Cluster 1
TRAPPC3,Cluster 1
DIPK1C,Cluster 1
GDF11,Cluster 1
FAM210A,Cluster 1
SEMA6C,Cluster 1
STAB1,Cluster 1
KIAA0040,Cluster 1
NCMAP,Cluster 1
KRTAP2-4,Cluster 1
ZNF382,Cluster 1
VOPP1,Cluster 1
ZNF526,Cluster 1
SUMO3,Cluster 1
CTCF,Cluster 1
FBXO3,Cluster 1
DUSP16,Cluster 1
TMEM185A,Cluster 1
LHCGR,Cluster 1
RIDA,Cluster 1
GSTA4,Cluster 1
DNAJC17,Cluster 1
MZF1,Cluster 1
RNF8,Cluster 1
SKIL,Cluster 1
PACSIN3,Cluster 1
EIF4B,Cluster 1
CAPN2,Cluster 1
AKT2,Cluster 1
PLIN3,Cluster 1
PTPN7,Cluster 1
SEC13,Cluster 1
ZNF276,Cluster 1
TPSB2,Cluster 1
PROK1,Cluster 1
C8G,Cluster 1
CST6,Cluster 1
AZU1,Cluster 1
CRLF1,Cluster 1
ARHGAP5,Cluster 1
LTF,Cluster 1
ICAM2,Cluster 1
FGF8,Cluster 1
CDH1,Cluster 1
IGF2,Cluster 1
S100A3,Cluster 1
NETO1,Cluster 1
MESD,Cluster 1
CCDC134,Cluster 1
S100A5,Cluster 1
REG3A,Cluster 1
JCHAIN,Cluster 1
MAD2L1,Cluster 1
CUTC,Cluster 1
TXNL4B,Cluster 1
S100A10,Cluster 1
CCNA1,Cluster 1
CPLX2,Cluster 1
CRADD,Cluster 1
AGO3,Cluster 1
FTL,Cluster 1
GAP43,Cluster 1
GBP1,Cluster 1
LAMTOR2,Cluster 1
RBBP4,Cluster 1
SDF2,Cluster 1
SELENOM,Cluster 1
CFL2,Cluster 1
KNG1,Cluster 1
IFNG,Cluster 1
SCG5,Cluster 1
APOC1,Cluster 1
ADGRB3,Cluster 1
BMPER,Cluster 1
BOLA1,Cluster 1
GKN1,Cluster 1
CPB1,Cluster 1
CTSE,Cluster 1
DDR2,Cluster 1
EDN3,Cluster 1
KL,Cluster 1
FABP2,Cluster 1
FABP4,Cluster 1
FCGR3A,Cluster 1
GAL,Cluster 1
GAS6,Cluster 1
UNC5B,Cluster 1
GSTM1,Cluster 1
GFER,Cluster 1
ID1,Cluster 1
ID2,Cluster 1
IFNA21,Cluster 1
IFNA4,Cluster 1
BIRC7,Cluster 1
LCAT,Cluster 1
LDHA,Cluster 1
LYG2,Cluster 1
SERPINB5,Cluster 1
MAPK10,Cluster 1
MMP20,Cluster 1
PMP2,Cluster 1
NEU1,Cluster 1
LOXL3,Cluster 1
OPTC,Cluster 1
OTC,Cluster 1
OTOR,Cluster 1
SRC,Cluster 1
PNOC,Cluster 1
RAMP1,Cluster 1
RAMP3,Cluster 1
RND3,Cluster 1
PCSK2,Cluster 1
GM2A,Cluster 1
SERPINB4,Cluster 1
NRG1,Cluster 1
SORD,Cluster 1
SQSTM1,Cluster 1
TIMD4,Cluster 1
NT5E,Cluster 1
AMBP,Cluster 1
ADAM15,Cluster 1
ANPEP,Cluster 1
DPP4,Cluster 1
CD8A,Cluster 1
CNPY4,Cluster 1
COL9A1,Cluster 1
CTHRC1,Cluster 1
CFHR1,Cluster 1
HEXB,Cluster 1
PNLIPRP2,Cluster 1
LRP11,Cluster 1
PLTP,Cluster 1
REG3G,Cluster 1
VNN2,Cluster 1
CAMP,Cluster 1
A2ML1,Cluster 1
AGRN,Cluster 1
AOC1,Cluster 1
CES1,Cluster 1
CD248,Cluster 1
CRIM1,Cluster 1
FGFBP1,Cluster 1
FOLR3,Cluster 1
HS3ST1,Cluster 1
ATRN,Cluster 1
LEFTY2,Cluster 1
LRP12,Cluster 1
NAGLU,Cluster 1
NPTXR,Cluster 1
PRSS8,Cluster 1
BCHE,Cluster 1
SAA1,Cluster 1
SAA4,Cluster 1
CLSTN1,Cluster 1
GLIPR2,Cluster 1
ALAD,Cluster 1
PGAM2,Cluster 1
ADH1C,Cluster 1
GSS,Cluster 1
CSRP1,Cluster 1
EPHB4,Cluster 1
PRSS27,Cluster 1
VIM,Cluster 1
CKMT1A,Cluster 1
KLK14,Cluster 1
PPP3R1,Cluster 1
PHGDH,Cluster 1
ENPEP,Cluster 1
ANTXR2,Cluster 1
TCN2,Cluster 1
GUSB,Cluster 1
MUC16,Cluster 1
CNN1,Cluster 1
CD247,Cluster 1
COL2A1,Cluster 1
CR2,Cluster 1
NCAN,Cluster 1
CCNA2,Cluster 1
RNASE3,Cluster 1
ENPP6,Cluster 1
EPHA7,Cluster 1
FANK1,Cluster 1
FCN1,Cluster 1
FCRLB,Cluster 1
CFHR2,Cluster 1
FOLR2,Cluster 1
GLA,Cluster 1
GC,Cluster 1
GPX1,Cluster 1
HTRA1,Cluster 1
HEXIM1,Cluster 1
IL6R,Cluster 1
ITGA2,Cluster 1
MAPK9,Cluster 1
KRT19,Cluster 1
LIN7B,Cluster 1
PNLIP,Cluster 1
LILRA2,Cluster 1
XCL2,Cluster 1
MOG,Cluster 1
NLGN1,Cluster 1
OPCML,Cluster 1
PDCD1,Cluster 1
HSPG2,Cluster 1
AKT1,Cluster 1
PSG1,Cluster 1
RBP4,Cluster 1
SLIT1,Cluster 1
SMOC2,Cluster 1
SORCS1,Cluster 1
SORCS3,Cluster 1
TAGLN,Cluster 1
TMEFF1,Cluster 1
BTD,Cluster 1
COL10A1,Cluster 1
BMP2,Cluster 1
BMP4,Cluster 1
BMP8B,Cluster 1
BRAF,Cluster 1
C1QL2,Cluster 1
CD79A,Cluster 1
CEBPB,Cluster 1
DKK2,Cluster 1
INHBC,Cluster 1
LMAN1,Cluster 1
NODAL,Cluster 1
PGR,Cluster 1
TXLNA,Cluster 1
GPT,Cluster 1
CDH8,Cluster 1
FLT4,Cluster 1
SHC1,Cluster 1
OLR1,Cluster 1
CFHR5,Cluster 1
IGF2R,Cluster 1
NID2,Cluster 1
WIF1,Cluster 1
GRAP2,Cluster 1
TEC,Cluster 1
AKR1B10,Cluster 1
EPHA4,Cluster 1
GIP,Cluster 1
GHRH,Cluster 1
LGR5,Cluster 1
ROBO4,Cluster 1
PLA2G2D,Cluster 1
TIGIT,Cluster 1
BPIFA2,Cluster 1
LGR4,Cluster 1
CDH11,Cluster 1
UNC5D,Cluster 1
BTLA,Cluster 1
DKKL1,Cluster 1
CDH6,Cluster 1
FLT1,Cluster 1
ACVRL1,Cluster 1
CD320,Cluster 1
MZB1,Cluster 1
NRXN3,Cluster 1
HMGA1,Cluster 1
STAT5B,Cluster 1
MYOC,Cluster 1
A1BG,Cluster 1
NUDT2,Cluster 1
B3GNT4,Cluster 1
CSN2,Cluster 1
HSPA5,Cluster 1
CHIA,Cluster 1
FADD,Cluster 1
GLRX3,Cluster 1
GLRX5,Cluster 1
GPN1,Cluster 1
C1QTNF9,Cluster 1
AKR1B1,Cluster 1
GSN,Cluster 1
KIRREL2,Cluster 1
LRP10,Cluster 1
SDC3,Cluster 1
CDH17,Cluster 1
RSPO1,Cluster 1
ENO3,Cluster 1
CASP14,Cluster 1
CD69,Cluster 1
LY75,Cluster 1
NAXE,Cluster 1
BMP3,Cluster 1
GDF10,Cluster 1
NPPB,Cluster 1
COL6A2,Cluster 1
CASK,Cluster 1
GDF3,Cluster 1
GDF7,Cluster 1
HDGF,Cluster 1
IL26,Cluster 1
LECT2,Cluster 1
PPBP,Cluster 1
JUP,Cluster 1
RAC3,Cluster 1
REG1B,Cluster 1
SCUBE3,Cluster 1
ENGASE,Cluster 1
DEFA5,Cluster 1
SIGLEC5,Cluster 1
OCIAD1,Cluster 1
CALB2,Cluster 1
PDE5A,Cluster 1
TNNT3,Cluster 0
NME4,Cluster 1
GDI1,Cluster 1
FHL1,Cluster 1
CDCP1,Cluster 1
APOL3,Cluster 1
ATXN3,Cluster 1
DOK1,Cluster 1
CFHR3,Cluster 1
CFLAR,Cluster 1
MPZL1,Cluster 1
RAB3B,Cluster 1
RGS5,Cluster 1
SCO2,Cluster 1
PDZK1,Cluster 1
NMRK1,Cluster 1
LSM4,Cluster 1
MAPRE2,Cluster 1
RAB2A,Cluster 1
RCN3,Cluster 1
NANP,Cluster 1
TAF15,Cluster 1
CDK16,Cluster 1
GSTZ1,Cluster 1
MAGOHB,Cluster 1
MSRB2,Cluster 1
PHPT1,Cluster 1
RAB4A,Cluster 1
MAPRE3,Cluster 1
PTRH2,Cluster 1
ADAMTSL1,Cluster 1
ENPP2,Cluster 1
OSBPL9,Cluster 1
MDGA1,Cluster 1
LAMP1,Cluster 1
CADM2,Cluster 1
OMG,Cluster 1
RNASET2,Cluster 1
CD14,Cluster 1
SEMA4A,Cluster 1
SLITRK6,Cluster 1
TLR3,Cluster 1
DBI,Cluster 1
PLXNB3,Cluster 1
ALPL,Cluster 1
F13A1|F13B,Cluster 1
SULT1E1,Cluster 1
HBB,Cluster 1
PDGFD,Cluster 1
S100A8|S100A9,Cluster 1
BLVRB,Cluster 1
HSPE1,Cluster 1
IRF3,Cluster 1
KIR2DS4,Cluster 1
KIR2DL3,Cluster 1
PTGES3,Cluster 1
VPS28,Cluster 1
DCLK1,Cluster 1
UBE2G1,Cluster 1
DDOST,Cluster 1
ANXA3,Cluster 1
ANXA4,Cluster 1
CALCB,Cluster 1
STATH,Cluster 1
MAP2K6,Cluster 1
PSIP1,Cluster 1
BAG1,Cluster 1
CLPP,Cluster 1
HIF1AN,Cluster 1
KIR2DL1,Cluster 1
PDCD4,Cluster 1
PNMT,Cluster 1
RAB5A,Cluster 1
SULT2B1,Cluster 1
TCL1A,Cluster 1
OGN,Cluster 1
LCP1,Cluster 1
SELENOH,Cluster 1
AASDHPPT,Cluster 1
GUK1,Cluster 1
DUSP23,Cluster 1
CNPY3,Cluster 1
BDH2,Cluster 1
KREMEN1,Cluster 1
ADPRS,Cluster 1
ACADM,Cluster 1
VAMP2,Cluster 1
CREB3L2,Cluster 1
YY1,Cluster 1
ACAT2,Cluster 1
AGR3,Cluster 1
SNPH,Cluster 1
STOML1,Cluster 1
ZADH2,Cluster 1
FDCSP,Cluster 1
AIDA,Cluster 1
SYNJ2BP,Cluster 1
CHMP2B,Cluster 1
SYT4,Cluster 1
IL1F10,Cluster 1
SEPSECS,Cluster 1
VHL,Cluster 1
SNRPB2,Cluster 1
KYAT1,Cluster 1
DCUN1D1,Cluster 1
STMN1,Cluster 1
ABHD10,Cluster 1
EIF4EBP1,Cluster 1
AKR1C3,Cluster 1
UBE2K,Cluster 1
STARD5,Cluster 1
PFKM,Cluster 1
NFKBIB,Cluster 1
RBM17,Cluster 1
ACADS,Cluster 1
ADH1A,Cluster 1
HSD17B11,Cluster 1
HMOX1,Cluster 1
ACOT8,Cluster 1
ACADSB,Cluster 1
ARL5B,Cluster 1
UCHL5,Cluster 1
PMM1,Cluster 1
CETN3,Cluster 1
UFD1,Cluster 1
TES,Cluster 1
NLGN3,Cluster 1
AK4,Cluster 1
ETFA,Cluster 1
SFRP4,Cluster 1
CD9,Cluster 1
HARS1,Cluster 1
BCL2L11,Cluster 1
CP,Cluster 1
EGFL6,Cluster 1
FOLR1,Cluster 1
GOLM1,Cluster 1
MX1,Cluster 1
ACSF2,Cluster 1
DHRS9,Cluster 1
SUFU,Cluster 1
YEATS4,Cluster 1
PBK,Cluster 1
SH3BGRL3,Cluster 1
SIRT3,Cluster 1
NAALADL1,Cluster 1
HPD,Cluster 1
SRP14,Cluster 1
RPP30,Cluster 1
NMI,Cluster 1
ANXA11,Cluster 1
RAB21,Cluster 1
HSPA13,Cluster 1
RAB3A,Cluster 1
ING4,Cluster 1
CBLIF,Cluster 1
CA5B,Cluster 1
ACOT13,Cluster 1
TRIP10,Cluster 1
CD160,Cluster 1
VSIG4,Cluster 1
EPHB1,Cluster 1
CD46,Cluster 1
COMMD9,Cluster 1
APOA4,Cluster 1
TBCB,Cluster 1
TPP1,Cluster 1
BTN3A3,Cluster 1
SEPTIN6,Cluster 1
PSME2,Cluster 1
TICAM2,Cluster 1
OVCA2,Cluster 1
WBP2,Cluster 1
TIMELESS,Cluster 1
UGT1A1,Cluster 1
GMNN,Cluster 1
HSPH1,Cluster 1
PPP1R1A,Cluster 1
TPD52L1,Cluster 1
VAMP1,Cluster 1
IDI1,Cluster 1
GAS7,Cluster 1
FKBP4,Cluster 1
WWOX,Cluster 1
USH1C,Cluster 1
SAR1A,Cluster 1
PTTG1,Cluster 1
CHMP2A,Cluster 1
UBE2S,Cluster 1
ENSA,Cluster 1
GABARAP,Cluster 1
APTX,Cluster 1
IVD,Cluster 1
CRNN,Cluster 1
HADH,Cluster 1
RRAS,Cluster 1
UBE2A,Cluster 1
RAB11A,Cluster 1
FIS1,Cluster 1
TRAF1,Cluster 1
TP53I3,Cluster 1
RRM2,Cluster 1
CRYBB1,Cluster 1
ARG2,Cluster 1
UGDH,Cluster 1
DCTD,Cluster 1
CAB39,Cluster 1
DCXR,Cluster 1
WDR5,Cluster 1
NUDT5,Cluster 1
RHOC,Cluster 1
SNUPN,Cluster 1
NCF1,Cluster 1
HAO1,Cluster 1
PCNP,Cluster 1
EMC8,Cluster 1
CRCP,Cluster 1
UBD,Cluster 1
NAPG,Cluster 1
SNRPD3,Cluster 1
TAGLN3,Cluster 1
PECR,Cluster 1
SDSL,Cluster 1
RAB32,Cluster 1
MAP1LC3A,Cluster 1
ACAA1,Cluster 1
MMAB,Cluster 1
GMFB,Cluster 1
DNPH1,Cluster 1
GGPS1,Cluster 1
ECHS1,Cluster 1
QPRT,Cluster 1
HPCAL1,Cluster 1
ALDH5A1,Cluster 1
DIRAS1,Cluster 1
PMM2,Cluster 1
LSM1,Cluster 1
IMPA1,Cluster 1
CUL1,Cluster 1
PGLS,Cluster 1
SCAND1,Cluster 1
NANS,Cluster 1
PNPO,Cluster 1
SMNDC1,Cluster 1
SDCBP,Cluster 1
NIT2,Cluster 1
SULT1C2,Cluster 1
PTP4A1,Cluster 1
BPHL,Cluster 1
BPNT1,Cluster 1
NCALD,Cluster 1
DDIT4,Cluster 1
SUGT1,Cluster 1
FAHD1,Cluster 1
MLF1,Cluster 1
NMT2,Cluster 1
RERG,Cluster 1
SNRPD2,Cluster 1
EEF1D,Cluster 1
DYNLRB2,Cluster 1
S100A14,Cluster 1
TREX2,Cluster 1
IDI2,Cluster 1
ANXA13,Cluster 1
S100A16,Cluster 1
CLIC2,Cluster 1
PPCS,Cluster 1
DRG1,Cluster 1
KLF4,Cluster 1
PPME1,Cluster 1
NAA10,Cluster 1
RGS4,Cluster 1
NT5M,Cluster 1
ACADL,Cluster 1
ATG3,Cluster 1
CASP8,Cluster 1
PCMT1,Cluster 1
IRAK4,Cluster 1
UBE2V2,Cluster 1
RHOB,Cluster 1
PYCR1,Cluster 1
CXCL11,Cluster 1
ASF1A,Cluster 1
AKR7A3,Cluster 1
PDCD6IP,Cluster 1
VAT1,Cluster 1
NAE1,Cluster 1
SARS1,Cluster 1
SMS,Cluster 1
RTN4IP1,Cluster 1
TSSC4,Cluster 1
PCK1,Cluster 1
LDLRAP1,Cluster 1
GMPS,Cluster 1
ALDOB,Cluster 1
TARS1,Cluster 1
ASPA,Cluster 1
GATM,Cluster 1
VPS25,Cluster 1
CARD18,Cluster 1
RANBP1,Cluster 1
MAGEA5,Cluster 1
MORF4L1,Cluster 1
FABP9,Cluster 1
LTO1,Cluster 1
AFM,Cluster 1
CKMT2,Cluster 0
HBQ1,Cluster 1
CD37,Cluster 1
CRYGC,Cluster 1
TCEA1,Cluster 1
MAGEA6,Cluster 1
ADH6,Cluster 1
CHMP1B,Cluster 1
CCNB2,Cluster 1
SPIN1,Cluster 1
GSTM5,Cluster 1
UBE2F,Cluster 1
GCLM,Cluster 1
THG1L,Cluster 1
IL11RA,Cluster 1
CNRIP1,Cluster 1
SRA1,Cluster 1
SH3GLB2,Cluster 1
CHMP1A,Cluster 1
HEBP1,Cluster 1
COX5A,Cluster 1
CDK2AP2,Cluster 1
NOP16,Cluster 1
PRND,Cluster 1
PIP4K2B,Cluster 1
GOT2,Cluster 1
PGP,Cluster 1
LGALSL,Cluster 1
NRIP3,Cluster 1
OMP,Cluster 1
CPOX,Cluster 1
SPA17,Cluster 0
CMPK1,Cluster 1
SSBP1,Cluster 1
CYB5R1,Cluster 1
SRP19,Cluster 1
MEOX2,Cluster 1
NATD1,Cluster 1
CCDC25,Cluster 1
ZNF34,Cluster 1
CARD17,Cluster 1
GAGE2A,Cluster 1
TAF10,Cluster 1
OXSM,Cluster 1
GAGE2D,Cluster 1
SERF2,Cluster 1
CRIP1,Cluster 1
TCL1B,Cluster 1
TRIAP1,Cluster 1
DTD2,Cluster 1
GNG11,Cluster 1
WWC1,Cluster 1
SVIP,Cluster 1
ZWINT,Cluster 1
ANXA8,Cluster 1
CDKN1A,Cluster 1
SOX2,Cluster 1
GRHPR,Cluster 1
MRAS,Cluster 1
CAPNS1,Cluster 1
PURB,Cluster 1
NAIF1,Cluster 1
ZWILCH,Cluster 1
NRGN,Cluster 1
BCCIP,Cluster 1
PALM,Cluster 1
PPA2,Cluster 1
STXBP6,Cluster 1
CS,Cluster 1
SELENOW,Cluster 1
DCTN6,Cluster 1
NDRG3,Cluster 1
ASRGL1,Cluster 1
PAX8,Cluster 1
RTP4,Cluster 1
SEPTIN3,Cluster 1
ZFAND5,Cluster 1
SH3GL3,Cluster 1
PDHX,Cluster 1
MTHFD2,Cluster 1
JMJD6,Cluster 1
CRMP1,Cluster 1
SUOX,Cluster 1
MAGEA8,Cluster 1
SNX5,Cluster 1
PYCR2,Cluster 1
PRPS2,Cluster 1
PGM2,Cluster 1
GBA,Cluster 1
CPLX1,Cluster 1
CDA,Cluster 1
GMDS,Cluster 1
IDH1,Cluster 1
PSMB3,Cluster 1
PSMB4,Cluster 1
PSAT1,Cluster 1
DECR2,Cluster 1
LAMA2|LAMB1|LAMC1,Cluster 1
HNRNPD,Cluster 1
RDX,Cluster 1
IL36RN,Cluster 1
MYL3,Cluster 0
ALB,Cluster 1
ALDH2,Cluster 1
COMT,Cluster 1
FKBP3,Cluster 1
PSMD10,Cluster 1
GLRX,Cluster 1
ST13,Cluster 1
IFNA1,Cluster 1
MAT2B,Cluster 1
ADPRH,Cluster 1
TLE5,Cluster 1
AKR1C4,Cluster 1
AKR1D1,Cluster 1
AKAP7,Cluster 1
ALKBH2,Cluster 1
ALKBH3,Cluster 1
AMMECR1L,Cluster 1
AMPD2,Cluster 1
ANKRD54,Cluster 1
AP1S2,Cluster 1
ARL2BP,Cluster 1
ARF4,Cluster 1
ARF5,Cluster 1
ARL14,Cluster 1
ARL15,Cluster 1
ARL4D,Cluster 1
ARL5A,Cluster 1
ARL6,Cluster 1
ARL9,Cluster 1
AS3MT,Cluster 1
ARPC5,Cluster 1
MVD,Cluster 1
RALB,Cluster 1
TBPL1,Cluster 1
UBXN2B,Cluster 1
PPIG,Cluster 1
PTGES2,Cluster 1
RABIF,Cluster 1
DDX19A,Cluster 1
INHBA|INHBC,Cluster 1
CBX1,Cluster 1
PPIC,Cluster 1
C4A|C4B,Cluster 1
H2BU1,Cluster 1
EIF4A2,Cluster 1
EIF4A1,Cluster 1
ITLN1,Cluster 1
LRIG1,Cluster 1
SAA2,Cluster 1
PEA15,Cluster 1
SGTB,Cluster 1
TG,Cluster 1
SH2D1B,Cluster 1
SERPINB13,Cluster 1
UBE2D2,Cluster 1
EIF4EBP3,Cluster 1
CAMKK1,Cluster 1
CHST2,Cluster 1
PRSS3,Cluster 1
PPP3R2,Cluster 1
CBX3,Cluster 1
CD3E,Cluster 1
AIF1L,Cluster 1
CEACAM8,Cluster 1
CEBPA,Cluster 1
CHST4,Cluster 1
CNN2,Cluster 1
GREM1,Cluster 1
COL3A1,Cluster 1
ADGRE5,Cluster 1
CLSTN2,Cluster 1
DSTN,Cluster 1
DNAJB4,Cluster 1
DSCAML1,Cluster 1
ENTPD2,Cluster 1
FABP12,Cluster 1
FGB,Cluster 1
GBP2,Cluster 1
GPC4,Cluster 1
ADGRG1,Cluster 1
GPX2,Cluster 1
GSTM4,Cluster 1
HS6ST3,Cluster 1
HDAC2,Cluster 1
HDGFL1,Cluster 1
HDGFL3,Cluster 1
HRAS,Cluster 1
HSPA1B,Cluster 1
CAMK4,Cluster 1
KRT16,Cluster 1
KIR3DL1,Cluster 1
EXOSC8,Cluster 1
LIN7A,Cluster 1
CCNH,Cluster 1
PAFAH2,Cluster 1
ITPA,Cluster 1
AMY2A,Cluster 1
PDE4A,Cluster 1
PHEX,Cluster 1
CD68,Cluster 1
PSMA5,Cluster 1
PSMA3,Cluster 1
RAET1G,Cluster 1
S100Z,Cluster 1
SLIT2,Cluster 1
SLIT3,Cluster 1
NMNAT1,Cluster 1
TGM4,Cluster 1
TGM2,Cluster 1
TLR5,Cluster 1
VLDLR,Cluster 1
PSMB9,Cluster 1
PTGR2,Cluster 1
RGS1,Cluster 1
LRRC3B,Cluster 1
RAC2,Cluster 1
MECP2,Cluster 1
TCEAL8,Cluster 1
MEMO1,Cluster 1
UBE2M,Cluster 1
TCEAL3,Cluster 1
SH3BGRL2,Cluster 1
TK2,Cluster 1
CMBL,Cluster 1
BLOC1S5,Cluster 1
PPP1R14A,Cluster 1
OSTF1,Cluster 1
DDIT3,Cluster 1
DAO,Cluster 1
UBQLN2,Cluster 1
MYL12B,Cluster 1
NFKBID,Cluster 1
UBLCP1,Cluster 1
PRKAR2A,Cluster 1
RPRD1B,Cluster 1
HSPB6,Cluster 0
MTHFSD,Cluster 1
SERPINB8,Cluster 1
TIAL1,Cluster 1
MRPL2,Cluster 1
POLR2K,Cluster 1
NT5C3B,Cluster 1
ALDH6A1,Cluster 1
HSF2BP,Cluster 1
DAP,Cluster 1
DNMT3L,Cluster 1
CYB5R2,Cluster 1
TCF4,Cluster 1
MREG,Cluster 1
LGALS13,Cluster 1
TIMM8A,Cluster 1
PRPSAP2,Cluster 1
PPP1R2,Cluster 1
MPPED2,Cluster 1
SERPINE2,Cluster 1
PCLAF,Cluster 1
POLD4,Cluster 1
USP15,Cluster 1
LRRC59,Cluster 1
RPS19,Cluster 1
PSTPIP1,Cluster 1
FIBP,Cluster 1
POLE3,Cluster 1
ZFAND1,Cluster 1
GOLGA7,Cluster 1
MARCKSL1,Cluster 1
CYRIB,Cluster 1
MOB1B,Cluster 1
GULP1,Cluster 1
RPL12,Cluster 1
STAMBP,Cluster 1
NAP1L4,Cluster 1
USP14,Cluster 1
UBE2L6,Cluster 1
VBP1,Cluster 1
DTD1,Cluster 1
RPS5,Cluster 1
HOPX,Cluster 1
ACAT1,Cluster 1
POLR2J,Cluster 1
NDUFA5,Cluster 1
BTK,Cluster 1
NUDT1,Cluster 1
ADK,Cluster 1
ACVR2A,Cluster 1
NFKBIA,Cluster 1
DMBT1,Cluster 1
SPINK4,Cluster 1
NDRG1,Cluster 1
NUTF2,Cluster 1
RAB5B,Cluster 1
RAB1A,Cluster 1
EIF1AY,Cluster 1
BLNK,Cluster 1
BATF,Cluster 1
BAG2,Cluster 1
HOMER1,Cluster 1
GSTT1,Cluster 1
PTP4A3,Cluster 1
ATOX1,Cluster 1
SUB1,Cluster 1
DDT,Cluster 1
GLUL,Cluster 1
ARF1,Cluster 1
PDAP1,Cluster 1
RBP5,Cluster 1
PFDN1,Cluster 1
PFDN2,Cluster 1
UBE2D1,Cluster 1
KARS1,Cluster 1
MYCBP,Cluster 1
SRGN,Cluster 1
PSMB2,Cluster 1
RAB2B,Cluster 1
GMPR,Cluster 1
NXT2,Cluster 1
CLTA,Cluster 1
GCDH,Cluster 1
EIF2S1,Cluster 1
GIPC1,Cluster 1
SDCBP2,Cluster 1
ACADVL,Cluster 1
EIF4E,Cluster 1
RPA2,Cluster 1
TCP1,Cluster 1
G3BP1,Cluster 1
HAGH,Cluster 1
YARS1,Cluster 1
GNAI1,Cluster 1
PEF1,Cluster 1
GSR,Cluster 1
SNTA1,Cluster 1
IDH3G,Cluster 1
SNRPG,Cluster 1
TSTD1,Cluster 1
RAB1B,Cluster 1
RBP1,Cluster 1
UBE2D3,Cluster 1
MAFG,Cluster 1
RAB13,Cluster 1
MYL5,Cluster 0
DENR,Cluster 1
UROD,Cluster 1
HPRT1,Cluster 1
CASQ2,Cluster 0
VPS26A,Cluster 1
CRIPT,Cluster 1
PPP1CC,Cluster 1
MYL7,Cluster 0
G6PD,Cluster 1
GIMAP6,Cluster 1
PET117,Cluster 1
COPE,Cluster 1
CRYGS,Cluster 1
HSCB,Cluster 1
ACP3,Cluster 1
EBAG9,Cluster 1
ABHD14B,Cluster 1
HAT1,Cluster 1
CHEK2,Cluster 1
HIPK3,Cluster 1
BAIAP2,Cluster 1
MOB4,Cluster 1
HNRNPK,Cluster 1
TXNDC12,Cluster 1
JPT1,Cluster 1
LZIC,Cluster 1
CA12,Cluster 1
OSTM1,Cluster 1
TOM1L2,Cluster 1
VAMP7,Cluster 1
LRRTM1,Cluster 1
MATN3,Cluster 1
PCNA,Cluster 1
BCAT2,Cluster 1
PEX26,Cluster 1
ECI1,Cluster 1
KAT2A,Cluster 1
HS3ST4,Cluster 1
MDGA2,Cluster 1
MYL12A,Cluster 1
NNMT,Cluster 1
OLFM2,Cluster 1
RGS21,Cluster 1
CINP,Cluster 1
CDH12,Cluster 1
DDAH1,Cluster 1
SYF2,Cluster 1
GMPR2,Cluster 1
UPP1,Cluster 1
RBKS,Cluster 1
HDHD3,Cluster 1
KDSR,Cluster 1
PDCD6,Cluster 1
HSD17B8,Cluster 1
KAAG1,Cluster 1
NPL,Cluster 1
SNX3,Cluster 1
DTYMK,Cluster 1
GLYAT,Cluster 1
DCUN1D2,Cluster 1
HMGA2,Cluster 1
HK3,Cluster 1
PARK7,Cluster 1
STX1A,Cluster 1
SUMO2,Cluster 1
CR1,Cluster 1
KLB,Cluster 1
LRP4,Cluster 1
PLXNA4,Cluster 1
PLXND1,Cluster 1
USP28,Cluster 1
SEZ6L,Cluster 1
IRF4,Cluster 1
EGFR,Cluster 1
IL15,Cluster 1
CEBPG,Cluster 1
ITGA2B|ITGB3,Cluster 1
EPOR,Cluster 1
DEFA1,Cluster 1
IGFBP5,Cluster 1
FGF9,Cluster 1
RAB3C,Cluster 1
KPNA1,Cluster 1
SFTPD,Cluster 1
BRF1,Cluster 1
ASB9,Cluster 1
JUND,Cluster 1
IHH,Cluster 1
CD81,Cluster 1
RDH10,Cluster 1
NT5C3A,Cluster 1
EFHD1,Cluster 1
DLG2,Cluster 1
RPSA,Cluster 1
SNCG,Cluster 1
FGL2,Cluster 1
HLA-G,Cluster 1
CRH,Cluster 1
PDYN,Cluster 1
IAPP,Cluster 1
PTH,Cluster 1
SEPTIN5,Cluster 1
VSTM1,Cluster 1
ADA,Cluster 1
METAP1D,Cluster 1
ATP5IF1,Cluster 1
CPA1,Cluster 1
CCNE1,Cluster 1
CSTB,Cluster 1
HBG2,Cluster 1
LY6D,Cluster 1
MEP1A,Cluster 1
MERTK,Cluster 1
MAT2A,Cluster 1
NUDT14,Cluster 1
PGAM4,Cluster 1
RBP2,Cluster 1
POLR2I,Cluster 1
PGLYRP4,Cluster 1
SIRT1,Cluster 1
UBE2R2,Cluster 1
ACO1,Cluster 1
ALDH1A2,Cluster 1
ASF1B,Cluster 1
FN1,Cluster 1
FZD5,Cluster 1
HABP2,Cluster 1
GAGE12F,Cluster 1
GLYATL2,Cluster 1
NFKBIE,Cluster 1
KRAS,Cluster 1
LAMA3,Cluster 1
MNDA,Cluster 1
PCK2,Cluster 1
PIM2,Cluster 1
RAB6A,Cluster 1
RAB11B,Cluster 1
SELENOF,Cluster 1
SULT1C4,Cluster 1
UBE2E3,Cluster 1
EFNA1,Cluster 1
VCAM1,Cluster 1
OGG1,Cluster 1
MYL6,Cluster 1
DCPS,Cluster 1
MYL4,Cluster 1
JPT2,Cluster 1
BASP1,Cluster 1
OXSR1,Cluster 1
EIF4EBP2,Cluster 1
AMIGO1,Cluster 1
GFAP,Cluster 1
HEPH,Cluster 1
CREB1,Cluster 1
CSNK1G1,Cluster 1
MARCO,Cluster 1
NRN1L,Cluster 1
NCAM1,Cluster 1
DPYS,Cluster 1
RAB8B,Cluster 1
CAPN9,Cluster 1
COL9A3,Cluster 1
ITGA11,Cluster 1
MEOX1,Cluster 1
DLAT,Cluster 1
ITGAV|ITGB3,Cluster 1
ITGAV|ITGB6,Cluster 1
ITGAV|ITGB8,Cluster 1
IFIH1,Cluster 1
C1S,Cluster 1
DYRK2,Cluster 1
GBP5,Cluster 1
ITGAV|ITGB1,Cluster 1
LMNB2,Cluster 1
MME,Cluster 1
PDE4C,Cluster 1
STAT5A,Cluster 1
TM2D1,Cluster 1
UPP2,Cluster 1
OAT,Cluster 1
SNAP23,Cluster 1
PFN1,Cluster 1
RXRA,Cluster 1
DPYSL4,Cluster 1
IL4I1,Cluster 1
ACYP1,Cluster 1
GID8,Cluster 1
COQ9,Cluster 1
TATDN1,Cluster 1
LZTFL1,Cluster 1
SVBP,Cluster 1
LSM12,Cluster 1
PIH1D2,Cluster 1
MOSPD1,Cluster 1
RBM18,Cluster 1
CPTP,Cluster 1
PTRHD1,Cluster 1
CHCHD7,Cluster 1
TSR2,Cluster 1
IMMP2L,Cluster 1
HMGN3,Cluster 1
PDE6H,Cluster 1
COMMD6,Cluster 1
POP7,Cluster 1
OXLD1,Cluster 1
BUD31,Cluster 1
TRAPPC2,Cluster 1
TOMM20,Cluster 1
TTC33,Cluster 1
CIB1,Cluster 1
HHEX,Cluster 1
LRATD1,Cluster 1
MED20,Cluster 1
PHOSPHO1,Cluster 1
NPPC,Cluster 1
PGPEP1,Cluster 1
MRPL1,Cluster 1
PCP4L1,Cluster 1
EMC2,Cluster 1
TPGS2,Cluster 1
DNALI1,Cluster 1
PLPBP,Cluster 1
TTC32,Cluster 1
POLR2E,Cluster 1
RCAN3,Cluster 1
TEN1,Cluster 1
TPPP3,Cluster 1
AP1AR,Cluster 1
TGIF2LY,Cluster 1
POLR2F,Cluster 1
JOSD1,Cluster 1
IFT22,Cluster 1
NSMCE1,Cluster 1
NABP1,Cluster 1
COA4,Cluster 1
NDUFA2,Cluster 1
IFT20,Cluster 1
FAM50A,Cluster 1
IMPACT,Cluster 1
KHDC1L,Cluster 1
F11R,Cluster 1
MCAM,Cluster 1
BAMBI,Cluster 1
SCN3B,Cluster 1
DSG2,Cluster 1
TNFRSF25,Cluster 1
CD6,Cluster 1
FAM3C,Cluster 1
CD28,Cluster 1
IL1RAPL1,Cluster 1
PDIA4,Cluster 1
SEMA5B,Cluster 1
CDH10,Cluster 1
SEMA6D,Cluster 1
SLAMF9,Cluster 1
IL12A|EBI3,Cluster 1
SCARB1,Cluster 1
IL17RE,Cluster 1
ESAM,Cluster 1
SIGLEC11,Cluster 1
DEFA3,Cluster 1
SEMA4G,Cluster 1
CD1B,Cluster 1
CALCR,Cluster 1
DEFB127,Cluster 1
GRIK2,Cluster 1
MFAP3,Cluster 1
RTN4RL1,Cluster 1
CHRNB3,Cluster 1
IZUMO4,Cluster 1
PIK3IP1,Cluster 1
VSIG8,Cluster 1
EPHA8,Cluster 1
CNTN6,Cluster 1
TLR10,Cluster 1
THY1,Cluster 1
FREM1,Cluster 1
CLEC9A,Cluster 1
FZD7,Cluster 1
FZD8,Cluster 1
ADGRL3,Cluster 1
MAG,Cluster 1
NECTIN1,Cluster 1
CD300LG,Cluster 1
CNTN3,Cluster 1
CDH4,Cluster 1
NPY,Cluster 1
GLDN,Cluster 1
LXN,Cluster 1
B3GALT5,Cluster 1
PUDP,Cluster 1
EIF1,Cluster 1
NECAP2,Cluster 1
SNRPC,Cluster 1
GIPC2,Cluster 1
PFN4,Cluster 1
MDP1,Cluster 1
TCEAL1,Cluster 1
ATF1,Cluster 1
GTF2F2,Cluster 1
TCEAL7,Cluster 1
CTDSPL,Cluster 1
AUH,Cluster 1
CCDC69,Cluster 1
RAB24,Cluster 1
PDCL3,Cluster 1
TATDN3,Cluster 1
EMG1,Cluster 1
NHP2,Cluster 1
UBL3,Cluster 1
DNAJB8,Cluster 1
NAA50,Cluster 1
GTSF1,Cluster 1
DR1,Cluster 1
NUDT16,Cluster 1
PRTFDC1,Cluster 1
ECHDC1,Cluster 1
MMACHC,Cluster 1
RTL6,Cluster 1
ADAT2,Cluster 1
PFDN4,Cluster 1
NUDT10,Cluster 1
RAB23,Cluster 1
DUSP18,Cluster 1
FUBP1,Cluster 1
RPS14,Cluster 1
MAP1LC3B2,Cluster 1
SENP8,Cluster 1
PSMG4,Cluster 1
EXOSC5,Cluster 1
RYBP,Cluster 1
DBNDD1,Cluster 1
MSRB1,Cluster 1
NUDT21,Cluster 1
RCAN2,Cluster 1
LSM3,Cluster 1
PDCL,Cluster 1
GTF2B,Cluster 1
SNRNP25,Cluster 1
DUSP19,Cluster 1
EGLN3,Cluster 1
SIX6,Cluster 1
RP9,Cluster 1
TEF,Cluster 1
LIMD2,Cluster 1
BEND6,Cluster 1
PLEKHF2,Cluster 1
POLR2C,Cluster 1
SDHAF1,Cluster 1
NMRK2,Cluster 1
RPL5,Cluster 1
POLR2J2,Cluster 1
BRK1,Cluster 1
NUDCD2,Cluster 1
MAGOH,Cluster 1
SNTN,Cluster 1
UBL5,Cluster 1
UNC119B,Cluster 1
CETN1,Cluster 1
NDUFAF1,Cluster 1
CPPED1,Cluster 1
CFAP36,Cluster 1
UBE2Z,Cluster 1
HSPBP1,Cluster 1
MYLPF,Cluster 0
TIFA,Cluster 1
DNAJC12,Cluster 1
BCDIN3D,Cluster 1
EED,Cluster 1
ZC4H2,Cluster 1
GCHFR,Cluster 1
CBR4,Cluster 1
NDUFAF2,Cluster 1
UBA3,Cluster 1
DBNDD2,Cluster 1
MRPL28,Cluster 1
YAE1,Cluster 1
GFPT1,Cluster 1
CDK2,Cluster 1
MAD2L1BP,Cluster 1
ITPK1,Cluster 1
TYW5,Cluster 1
SYT13,Cluster 1
CMC4,Cluster 1
CREBZF,Cluster 1
SF3B6,Cluster 1
PSMG2,Cluster 1
NPM2,Cluster 1
CAMLG,Cluster 1
LRATD2,Cluster 1
CAPS,Cluster 1
SGK1,Cluster 1
TULP1,Cluster 1
FN3K,Cluster 1
CUEDC1,Cluster 1
EYA2,Cluster 1
BAP18,Cluster 1
CAB39L,Cluster 1
CHAC2,Cluster 1
HYKK,Cluster 1
CHMP6,Cluster 1
MRM2,Cluster 1
TBCEL,Cluster 1
TBC1D13,Cluster 1
TGIF2LX,Cluster 1
CTDSP1,Cluster 1
PTPMT1,Cluster 1
TLNRD1,Cluster 1
ELAVL2,Cluster 1
CIAO1,Cluster 1
PLCXD3,Cluster 1
LRP2BP,Cluster 1
TSEN15,Cluster 1
DUSP10,Cluster 1
BLOC1S2,Cluster 1
RWDD4,Cluster 1
NUBP1,Cluster 1
UBE2W,Cluster 1
DUSP21,Cluster 1
TFB2M,Cluster 1
POU6F1,Cluster 1
SAMSN1,Cluster 1
MRFAP1L1,Cluster 1
DESI1,Cluster 1
HAX1,Cluster 1
COASY,Cluster 1
CEBPE,Cluster 1
POLB,Cluster 1
PHB2,Cluster 1
RPAIN,Cluster 1
SAR1B,Cluster 1
SERPINB9,Cluster 1
SULT1A1,Cluster 1
TMIGD2,Cluster 1
CHRNA5,Cluster 1
ASB13,Cluster 1
KPNA5,Cluster 1
TMED9,Cluster 1
PADI4,Cluster 1
CDK5RAP3,Cluster 1
CYTH1,Cluster 1
AMT,Cluster 1
NAA80,Cluster 1
NPM1,Cluster 1
MAT1A,Cluster 1
DFFA,Cluster 1
RGS16,Cluster 1
SNRPE,Cluster 1
EPHX2,Cluster 1
AKR1C2,Cluster 1
RTRAF,Cluster 1
PROM1,Cluster 1
TSC22D3,Cluster 1
CAMK2N2,Cluster 1
TNIP1,Cluster 1
RPL11,Cluster 1
SPAG7,Cluster 1
HUS1,Cluster 1
HAUS1,Cluster 1
DHRS4,Cluster 1
MRTO4,Cluster 1
JDP2,Cluster 1
UBA5,Cluster 1
NKIRAS1,Cluster 1
MRM1,Cluster 1
SNRPA1,Cluster 1
GTF2E2,Cluster 1
RWDD1,Cluster 1
TBCC,Cluster 1
CYREN,Cluster 1
SYT1,Cluster 1
PHOSPHO2,Cluster 1
YARS2,Cluster 1
BCL7A,Cluster 1
SIL1,Cluster 1
GPT2,Cluster 1
HLF,Cluster 1
CHMP4A,Cluster 1
RGS14,Cluster 1
ARC,Cluster 1
TFB1M,Cluster 1
RDH12,Cluster 1
DHODH,Cluster 1
TRPT1,Cluster 1
STYX,Cluster 1
LIN28B,Cluster 1
GARS1,Cluster 1
UPRT,Cluster 1
USF1,Cluster 1
B9D2,Cluster 1
FBLIM1,Cluster 1
NREP,Cluster 1
SPECC1,Cluster 1
TXNRD3NB,Cluster 1
CYTH3,Cluster 1
MSI2,Cluster 1
NRBF2,Cluster 1
POLR3K,Cluster 1
RTCA,Cluster 1
SKA1,Cluster 1
RIOX2,Cluster 1
QTRT2,Cluster 1
RAB3IL1,Cluster 1
PNPT1,Cluster 1
ETNK2,Cluster 1
QTRT1,Cluster 1
TBC1D22B,Cluster 1
ELAC1,Cluster 1
NARS1,Cluster 1
FUCA1,Cluster 1
SLITRK2,Cluster 1
STK3,Cluster 1
DCT,Cluster 1
CGB3,Cluster 1
MAGED1,Cluster 1
AHCY,Cluster 1
PCDH17,Cluster 1
PRTG,Cluster 1
TSC2,Cluster 1
MAP3K11,Cluster 1
THOP1,Cluster 1
PLA2G4A,Cluster 1
BTN3A2,Cluster 1
SRPK2,Cluster 1
ATG4A,Cluster 1
MGMT,Cluster 1
TRIM5,Cluster 1
HCLS1,Cluster 1
ADAM8,Cluster 1
TYRP1,Cluster 1
KLK2,Cluster 1
NEDD8,Cluster 1
CASP10,Cluster 1
DNM1L,Cluster 1
COQ10A,Cluster 1
TXNL1,Cluster 1
NEIL2,Cluster 1
MAEA,Cluster 1
SMAD5,Cluster 1
CD82,Cluster 1
PRKAR1A,Cluster 1
BLOC1S6,Cluster 1
AOC3,Cluster 1
CLUL1,Cluster 1
GPR37,Cluster 1
HYOU1,Cluster 1
ALDH7A1,Cluster 1
COQ7,Cluster 1
FDPS,Cluster 1
TSHR,Cluster 1
AGO2,Cluster 1
COMMD8,Cluster 1
ST8SIA1,Cluster 1
GLT8D2,Cluster 1
GRK5,Cluster 1
EDEM2,Cluster 1
CASP7,Cluster 1
GP1BB,Cluster 1
AACS,Cluster 1
TPH1,Cluster 1
ILKAP,Cluster 1
USP5,Cluster 1
IZUMO1,Cluster 1
BMF,Cluster 1
UBASH3A,Cluster 1
LSP1,Cluster 1
AARSD1,Cluster 1
CPLX3,Cluster 1
SCLY,Cluster 1
SYT6,Cluster 1
BIN2,Cluster 1
ATL3,Cluster 1
MUSTN1,Cluster 1
ADGRD1,Cluster 1
FAM20C,Cluster 1
GGT5,Cluster 1
TECTB,Cluster 1
ACOX1,Cluster 1
FAM3A,Cluster 1
SCGB1D1,Cluster 1
PLA2G12A,Cluster 1
C1QTNF4,Cluster 1
STK10,Cluster 1
XYLT2,Cluster 1
S100A7A,Cluster 1
FKBP5,Cluster 1
MYBPC3,Cluster 0
CDK15,Cluster 1
RPL26L1,Cluster 1
KCTD4,Cluster 1
DPPA4,Cluster 1
ANKRA2,Cluster 1
GBA3,Cluster 1
CCDC43,Cluster 1
CTH,Cluster 1
CTNNBIP1,Cluster 1
CUTA,Cluster 1
GEMIN6,Cluster 1
NKIRAS2,Cluster 1
EEF1E1,Cluster 1
NCBP2,Cluster 1
PPIL3,Cluster 1
RPS20,Cluster 1
SNIP1,Cluster 1
SRM,Cluster 1
STX17,Cluster 1
TXNL4A,Cluster 1
URM1,Cluster 1
CEP20,Cluster 1
DYRK3,Cluster 1
MACROH2A1,Cluster 1
PDE1B,Cluster 1
WWP2,Cluster 1
BTN1A1,Cluster 1
SERPINB2,Cluster 1
CDH20,Cluster 1
ADAM28,Cluster 1
DCC,Cluster 1
ELFN2,Cluster 1
ITGA4|ITGB1,Cluster 1
LRRC4,Cluster 1
LRFN3,Cluster 1
CD8A|CD8B,Cluster 1
CDH13,Cluster 1
LRFN4,Cluster 1
ADGRF2,Cluster 1
ITGA11|ITGB1,Cluster 1
ACVR1,Cluster 1
PCDH12,Cluster 1
METRNL,Cluster 1
LILRA1,Cluster 1
C1QL3,Cluster 1
FCGRT,Cluster 1
NLGN4Y,Cluster 1
ADGRB1,Cluster 1
RELN,Cluster 1
SENP1,Cluster 1
FUT7,Cluster 1
UBE2Q2,Cluster 1
HYAL4,Cluster 1
FUT11,Cluster 1
CHST10,Cluster 1
GALNT4,Cluster 1
GALNS,Cluster 1
ST6GALNAC4,Cluster 1
UBE2Q1,Cluster 1
USP2,Cluster 1
USP19,Cluster 1
OGT,Cluster 1
C1GALT1|C1GALT1C1,Cluster 1
HS2ST1,Cluster 1
ST6GAL2,Cluster 1
GNE,Cluster 1
USP1,Cluster 1
OTUD7B,Cluster 1
WDR48,Cluster 1
USP10,Cluster 1
UBE2N|UBE2V1,Cluster 1
USP46|WDR48,Cluster 1
BAP1,Cluster 1
USP12|WDR48,Cluster 1
RHOT1,Cluster 1
ZRANB1,Cluster 1
USP12,Cluster 1
UBE2N|UBE2V2,Cluster 1
USP22,Cluster 1
SENP2,Cluster 1
USP1|WDR48,Cluster 1
UBA1,Cluster 1
USP46,Cluster 1
USP11,Cluster 1
USP4,Cluster 1
USP30,Cluster 1
CYLD,Cluster 1
SGSH,Cluster 1
GALNT14,Cluster 1
MGAT5,Cluster 1
XYLB,Cluster 1
B3GAT1,Cluster 1
MGAT3,Cluster 1
ABHD4,Cluster 1
ACY3,Cluster 1
CDKL2,Cluster 1
CEP43,Cluster 1
GPX3,Cluster 1
HOMER3,Cluster 1
NEIL1,Cluster 1
MLANA,Cluster 1
ZCCHC17,Cluster 1
MMADHC,Cluster 1
MOB3B,Cluster 1
MYL9,Cluster 1
NELFE,Cluster 1
UNKNOWN,Cluster 1
PPM1G,Cluster 1
RHOQ,Cluster 1
RPN2,Cluster 1
RPS12,Cluster 1
SERPINB3,Cluster 1
SIRT6,Cluster 1
SNF8,Cluster 1
SSTR1,Cluster 1
SSR2,Cluster 1
POU2AF1,Cluster 1
UBQLN3,Cluster 1
CLEC1A,Cluster 1
KHK,Cluster 1
RACK1,Cluster 1
SIAH1,Cluster 1
PSMB10,Cluster 1
LASP1,Cluster 1
NUBP2,Cluster 1
MAK16,Cluster 1
ZFAND3,Cluster 1
PICK1,Cluster 1
BMP5,Cluster 1
TIA1,Cluster 1
CBLN2,Cluster 1
GGCT,Cluster 1
FBLN7,Cluster 1
IL17A|IL17F,Cluster 1
INHA|INHBA,Cluster 1
F11,Cluster 1
ITGA3|ITGB1,Cluster 1
ITGAL|ITGB2,Cluster 1
ITGA2|ITGB1,Cluster 1
ITGA5|ITGB1,Cluster 1
NDP,Cluster 1
YY2,Cluster 1
OTUD3,Cluster 1
OTULIN,Cluster 1
CCL27,Cluster 1
SAE1|UBA2,Cluster 1
UBE2D1|UBB,Cluster 1
UBE2D3|UBB,Cluster 1
UBE2L3|UBB,Cluster 1
UBA7,Cluster 1
UBE2H,Cluster 1
NAE1|UBA3,Cluster 1
WNT10B,Cluster 1
WNT16,Cluster 1
WNT5B,Cluster 1
IL6|IL6R,Cluster 1
APBB1IP,Cluster 1
ARNT,Cluster 1
BAG6,Cluster 1
PIK3AP1,Cluster 1
ABR,Cluster 1
CD2AP,Cluster 1
DAB2,Cluster 1
HSD11B1,Cluster 1
DPP6,Cluster 1
FLI1,Cluster 1
ICA1,Cluster 1
IKBKG,Cluster 1
ITGA6,Cluster 1
ITGAM,Cluster 1
ITGB1BP2,Cluster 1
LPL,Cluster 1
MAP4K5,Cluster 1
PPP1R9B,Cluster 1
NOS3,Cluster 1
NUB1,Cluster 1
NUCB2,Cluster 1
PADI2,Cluster 1
PON2,Cluster 1
PDP1,Cluster 1
RETNLB,Cluster 1
PPM1B,Cluster 1
COL18A1,Cluster 1
PRKRA,Cluster 1
RASSF2,Cluster 1
TRIM21,Cluster 1
SH2B3,Cluster 1
AADAT,Cluster 1
TACC3,Cluster 1
WAS,Cluster 1
ZBTB16,Cluster 1
EFHD2,Cluster 1
MAP2K5,Cluster 1
HSPA2,Cluster 1
SUMO4,Cluster 1
COL5A1,Cluster 1
YWHAH,Cluster 1
KXD1,Cluster 1
FOXO1,Cluster 1
ALDH1B1,Cluster 1
PALMD,Cluster 1
CAPNS2,Cluster 1
IRF8,Cluster 1
PPP2R5D,Cluster 1
ARHGEF16,Cluster 1
ASB8,Cluster 1
ATP5PB,Cluster 1
RBFOX1,Cluster 1
ATF3,Cluster 1
ATOH1,Cluster 1
ATP23,Cluster 1
TAT,Cluster 1
KCTD13,Cluster 1
BEX2,Cluster 1
BEX5,Cluster 1
BMI1,Cluster 1
BRMS1L,Cluster 1
BTG1,Cluster 1
BTG4,Cluster 1
UPB1,Cluster 1
CASP4,Cluster 1
C2orf73,Cluster 1
CBX2,Cluster 1
CCNYL1,Cluster 1
C4orf36,Cluster 1
CDK20,Cluster 1
CDX1,Cluster 1
TIMP1,Cluster 1
COQ5,Cluster 1
COQ6,Cluster 1
LAS2,Cluster 1
CREBL2,Cluster 1
CREM,Cluster 1
CSAG2,Cluster 1
COPS8,Cluster 1
PLAT,Cluster 1
DCAF11,Cluster 1
DCAF12,Cluster 1
DLX2,Cluster 1
DYTN,Cluster 1
E2F5,Cluster 1
ELK4,Cluster 1
ELL3,Cluster 1
ETV4,Cluster 1
EXOG,Cluster 1
FAM102B,Cluster 1
FAM204A,Cluster 1
PFKFB1,Cluster 1
FAM86B1,Cluster 1
FBXO28,Cluster 1
FBXO48,Cluster 1
FOSL2,Cluster 1
FOXO4,Cluster 1
FOXP3,Cluster 1
FUNDC1,Cluster 1
GABPB1,Cluster 1
GSC2,Cluster 1
GALNT9,Cluster 1
GATAD1,Cluster 1
GEMIN7,Cluster 1
ADAT1,Cluster 1
ATF5,Cluster 1
C11orf49,Cluster 1
DMRTC2,Cluster 1
FAM110A,Cluster 1
HEY1,Cluster 1
HOXA11,Cluster 1
HOXA5,Cluster 1
IER2,Cluster 1
KRT34,Cluster 1
LACTB2,Cluster 1
MITF,Cluster 1
PWWP3A,Cluster 1
OTX1,Cluster 1
PITX3,Cluster 1
SAP30L,Cluster 1
SERTAD3,Cluster 1
CCDC59,Cluster 1
TCF21,Cluster 1
ZFP36,Cluster 1
XBP1,Cluster 1
ANP32C,Cluster 1
GUCA1B,Cluster 1
H2AC1,Cluster 1
H2BC12,Cluster 1
IP6K1,Cluster 1
TLK1,Cluster 1
CBLC,Cluster 1
PELI1,Cluster 1
KDM1A,Cluster 1
CHN1,Cluster 1
SRFBP1,Cluster 1
SRPK1,Cluster 1
CABP5,Cluster 1
HES1,Cluster 1
HES5,Cluster 1
HHLA3,Cluster 1
H2AC11,Cluster 1
HMX2,Cluster 1
TCF12,Cluster 1
HOXC11,Cluster 1
HOXD4,Cluster 1
IP6K2,Cluster 1
IQCD,Cluster 1
KRT14,Cluster 1
KRT71,Cluster 1
CSNK1A1L,Cluster 1
KCTD7,Cluster 1
KRT6A,Cluster 1
KLF9,Cluster 1
LCNL1,Cluster 1
LDB2,Cluster 1
LMO3,Cluster 1
LYRM1,Cluster 1
MED28,Cluster 1
MED11,Cluster 1
MKX,Cluster 1
N4BP2L2,Cluster 1
NADK2,Cluster 1
NAA20,Cluster 1
NDUFB10,Cluster 1
NDUFAF5,Cluster 1
NFE2L2,Cluster 1
NGDN,Cluster 1
NKD2,Cluster 1
NRL,Cluster 1
NSMCE2,Cluster 1
NSL1,Cluster 1
OTX2,Cluster 1
PABPC5,Cluster 1
PAX3,Cluster 1
PDHB,Cluster 1
PDLIM3,Cluster 0
PHF11,Cluster 1
PHF6,Cluster 1
PHYHD1,Cluster 1
PITX2,Cluster 1
PLAC8L1,Cluster 1
PPP1R10,Cluster 1
PPP4C,Cluster 1
PPP1R42,Cluster 1
PPTC7,Cluster 1
PSMB7,Cluster 1
GINS1,Cluster 1
RAD51C,Cluster 1
RALYL,Cluster 1
RBMS1,Cluster 1
RGS13,Cluster 1
RIPK1,Cluster 1
RPL38,Cluster 1
MRPL10,Cluster 1
MRPL50,Cluster 1
EVI2A,Cluster 1
LYPD8,Cluster 1
KIRREL1,Cluster 1
LDLRAD3,Cluster 1
ADCYAP1R1,Cluster 1
DSG4,Cluster 1
TGFBR1,Cluster 1
PGA4,Cluster 1
CD209,Cluster 1
SIGLEC14,Cluster 1
ROBO2,Cluster 1
NRXN1,Cluster 1
ULBP2,Cluster 1
LRP6,Cluster 1
FZD4,Cluster 1
BTN2A2,Cluster 1
EPHA6,Cluster 1
ADGRB2,Cluster 1
FZD2,Cluster 1
FZD1,Cluster 1
FZD9,Cluster 1
SLC25A38,Cluster 1
SAMD12,Cluster 1
SAMM50,Cluster 1
SDHB,Cluster 1
TSEN34,Cluster 1
NR0B2,Cluster 1
SKP2,Cluster 1
SMCO1,Cluster 1
TIMP2,Cluster 1
SPC25,Cluster 1
SPI1,Cluster 1
SPATA22,Cluster 1
SPATA46,Cluster 1
SPANXN3,Cluster 1
SULT6B1,Cluster 1
WARS2,Cluster 1
GTF2A2,Cluster 1
TADA2A,Cluster 1
TADA1,Cluster 1
TAF12,Cluster 1
TAF8,Cluster 1
TBC1D28,Cluster 1
TCAP,Cluster 0
TERB2,Cluster 1
TEX30,Cluster 1
THAP11,Cluster 1
THAP2,Cluster 1
THRB,Cluster 1
TIMM23,Cluster 1
TIPIN,Cluster 1
TMA16,Cluster 1
TRAPPC6B,Cluster 1
FLJ44635,Cluster 1
TRIM27,Cluster 1
TRIM40,Cluster 1
TRIM54,Cluster 1
TRIM9,Cluster 1
SLC25A1,Cluster 1
UNG,Cluster 1
ATP6V1C2,Cluster 1
VHLL,Cluster 1
ZBP1,Cluster 1
ZC3H8,Cluster 1
ZCCHC18,Cluster 1
ZDHHC4,Cluster 1
ZNF230,Cluster 1
ZNF263,Cluster 1
ZNF696,Cluster 1
ZNF69,Cluster 1
ZSWIM7,Cluster 1
MRPS14,Cluster 1
STK4,Cluster 1
MAPK6,Cluster 1
PPM1M,Cluster 1
DKK4,Cluster 1
FCGR2B,Cluster 1
CCL7,Cluster 1
CXCL2,Cluster 1
CXCL3,Cluster 1
HMGB2,Cluster 1
IGFBP2,Cluster 1
CCL22,Cluster 1
NXPH1,Cluster 1
SIRT2,Cluster 1
LIPG,Cluster 1
TNFAIP1,Cluster 1
BIK,Cluster 1
KCTD6,Cluster 1
MAP3K10,Cluster 1
MPC1,Cluster 1
DAG1,Cluster 1
HNMT,Cluster 1
LTK,Cluster 1
RNF31,Cluster 1
VCPIP1,Cluster 1
ART5,Cluster 1
SCPEP1,Cluster 1
ETV2,Cluster 1
EURL,Cluster 1
CFAP300,Cluster 1
RGN,Cluster 1
TRIM62,Cluster 1
C12orf76,Cluster 1
TIMM10B,Cluster 1
SSNA1,Cluster 1
RPS25,Cluster 1
SPATC1L,Cluster 1
BLOC1S1,Cluster 1
XAGE2,Cluster 1
TCEAL4,Cluster 1
DNAJB3,Cluster 1
COMTD1,Cluster 1
NDUFAF3,Cluster 1
RAB33A,Cluster 1
TLDC2,Cluster 1
COMMD10,Cluster 1
COA7,Cluster 1
EEF1AKMT1,Cluster 1
C1orf50,Cluster 1
CRYBB3,Cluster 1
KCTD15,Cluster 1
MED10,Cluster 1
TPD52L2,Cluster 1
MITD1,Cluster 1
FRG1,Cluster 1
CMTM4,Cluster 1
SPATA33,Cluster 1
EBP,Cluster 1
DPCD,Cluster 1
C22orf23,Cluster 1
EFCAB1,Cluster 1
SSPN,Cluster 1
C2orf68,Cluster 1
MRPL12,Cluster 1
AKIRIN2,Cluster 1
ARL8A,Cluster 1
RAB37,Cluster 1
RAB43,Cluster 1
LMO4,Cluster 1
KCTD2,Cluster 1
RNF141,Cluster 1
NDUFB6,Cluster 1
LRRC20,Cluster 1
NEUROG1,Cluster 1
SMN1,Cluster 1
PID1,Cluster 1
CEP112,Cluster 1
CHAC1,Cluster 1
MLX,Cluster 1
SFRP5,Cluster 1
THEM4,Cluster 1
TPPP,Cluster 1
CXCL12,Cluster 1
RBPMS2,Cluster 1
MSX2,Cluster 1
AKT1S1,Cluster 1
TXNDC9,Cluster 1
NIPSNAP3B,Cluster 1
REEP2,Cluster 1
PMF1,Cluster 1
CLUAP1,Cluster 1
KCTD1,Cluster 1
PSMC3IP,Cluster 1
RAB38,Cluster 1
RPP25,Cluster 1
RABL3,Cluster 1
CCDC103,Cluster 1
FAM9B,Cluster 1
DHRS11,Cluster 1
PCTP,Cluster 1
ZFAND2B,Cluster 1
MVB12B,Cluster 1
INO80E,Cluster 1
MSC,Cluster 1
DUPD1,Cluster 1
HSPB3,Cluster 1
BMERB1,Cluster 1
GSTA2,Cluster 1
BORCS5,Cluster 1
RAB4B,Cluster 1
GUCD1,Cluster 1
LCE3C,Cluster 1
KCNRG,Cluster 1
KCTD10,Cluster 1
TCF24,Cluster 1
MRI1,Cluster 1
DMC1,Cluster 1
ARRDC5,Cluster 1
ROGDI,Cluster 1
NECAB1,Cluster 1
PCYT1A,Cluster 1
FAM118B,Cluster 1
PRMT1,Cluster 1
DTNBP1,Cluster 1
CRYBA2,Cluster 1
CCDC24,Cluster 1
FAM118A,Cluster 1
WTAP,Cluster 1
RBM4,Cluster 1
NT5C1A,Cluster 1
PCBP2,Cluster 1
UCK1,Cluster 1
FNDC8,Cluster 1
UBL7,Cluster 1
ANKRD40,Cluster 1
PHYH,Cluster 1
KCNAB3,Cluster 1
NIF3L1,Cluster 1
ERGIC1,Cluster 1
DPH5,Cluster 1
NECAB3,Cluster 1
RFPL3,Cluster 1
ARPC2,Cluster 1
CGGBP1,Cluster 1
C16orf72,Cluster 1
L3HYPDH,Cluster 1
SEPTIN1,Cluster 1
VCX3A,Cluster 1
KCTD17,Cluster 1
CASTOR1,Cluster 1
TIPRL,Cluster 1
FAHD2A,Cluster 1
CCDC107,Cluster 1
RP2,Cluster 1
PLEKHA3,Cluster 1
ABHD5,Cluster 1
GAS2,Cluster 1
KHDRBS2,Cluster 1
TWF2,Cluster 1
POLR2M,Cluster 1
NUP35,Cluster 1
DAZAP1,Cluster 1
GDAP1L1,Cluster 1
CDC42EP4,Cluster 1
MAD2L2,Cluster 1
HORMAD2,Cluster 1
RASSF5,Cluster 1
OLAH,Cluster 1
SNX16,Cluster 1
SYAP1,Cluster 1
EIF3M,Cluster 1
PNMA2,Cluster 1
ANKRD45,Cluster 1
SNX15,Cluster 1
CCDC92,Cluster 1
RFC4,Cluster 1
ERMN,Cluster 1
VCX,Cluster 1
FAM151B,Cluster 1
TMEM221,Cluster 1
MBLAC2,Cluster 1
NME7,Cluster 1
GIMD1,Cluster 1
CYRIA,Cluster 1
NTAN1,Cluster 1
NOSIP,Cluster 1
KTI12,Cluster 1
PHYHIPL,Cluster 1
STARD7,Cluster 1
TMOD4,Cluster 1
HSH2D,Cluster 1
RTF2,Cluster 1
DENND10,Cluster 1
SP6,Cluster 1
MNAT1,Cluster 1
CLYBL,Cluster 1
GOLPH3L,Cluster 1
TRUB1,Cluster 1
TCP10L3,Cluster 1
NDEL1,Cluster 1
HAGHL,Cluster 1
TCEA3,Cluster 1
KDF1,Cluster 1
TADA3,Cluster 1
ABI3,Cluster 1
SHD,Cluster 1
RRAD,Cluster 1
VGLL4,Cluster 1
CAPZB,Cluster 1
METTL2B,Cluster 1
DDRGK1,Cluster 1
CEP41,Cluster 1
CCDC97,Cluster 1
METTL21C,Cluster 1
APOL2,Cluster 1
GNAQ,Cluster 1
MEIS2,Cluster 1
STARD10,Cluster 1
ZKSCAN7,Cluster 1
YJU2,Cluster 1
TYW3,Cluster 1
COX19,Cluster 1
BEX4,Cluster 1
SMIM3,Cluster 1
CT83,Cluster 1
PRR15,Cluster 1
GHRL,Cluster 1
NUDT15,Cluster 1
CTAG1A,Cluster 1
HSDL2,Cluster 1
PPP1R27,Cluster 1
EXD1,Cluster 1
MB21D2,Cluster 1
NR2C2AP,Cluster 1
LACC1,Cluster 1
CCDC89,Cluster 1
AGFG2,Cluster 1
ACOT12,Cluster 1
NAPEPLD,Cluster 1
TCP11L1,Cluster 1
SAMD4B,Cluster 1
C16orf71,Cluster 1
MARVELD2,Cluster 1
TRMT112,Cluster 1
PADI1,Cluster 1
HYPK,Cluster 1
ZNF593,Cluster 1
C19orf53,Cluster 1
RCSD1,Cluster 1
TIMM13,Cluster 1
INIP,Cluster 1
NUDT11,Cluster 1
PSENEN,Cluster 1
KIAA1143,Cluster 1
SDHAF4,Cluster 1
VMAC,Cluster 1
GALK2,Cluster 1
SLFNL1,Cluster 1
RNF25,Cluster 1
CARNMT1,Cluster 1
NPEPL1,Cluster 1
EHD2,Cluster 1
HSD17B4,Cluster 1
TKFC,Cluster 1
HACL1,Cluster 1
AIPL1,Cluster 1
DDI1,Cluster 1
KLHL2,Cluster 1
DMTN,Cluster 1
PIPOX,Cluster 1
ALG2,Cluster 1
PUS7,Cluster 1
HNRNPLL,Cluster 1
NARS2,Cluster 1
BZW2,Cluster 1
KLHL41,Cluster 0
XPNPEP3,Cluster 1
SH3BP5,Cluster 1
ATP6V1C1,Cluster 1
RTKN,Cluster 1
PSMC3,Cluster 1
ATIC,Cluster 1
MIEF1,Cluster 1
GFPT2,Cluster 1
DPH2,Cluster 1
SPDL1,Cluster 1
PSMD6,Cluster 1
DBT,Cluster 1
CEP76,Cluster 1
NCKIPSD,Cluster 1
SOX10,Cluster 1
DSCC1,Cluster 1
ZC3H12A,Cluster 1
HENMT1,Cluster 1
TRIM55,Cluster 1
M1AP,Cluster 1
CWF19L1,Cluster 1
TBC1D20,Cluster 1
CPNE6,Cluster 1
RBM41,Cluster 1
TTLL12,Cluster 1
ACSS3,Cluster 1
MKNK1,Cluster 1
ASNS,Cluster 1
FSD1,Cluster 1
TRMT6,Cluster 1
DLST,Cluster 1
ABCF3,Cluster 1
SHKBP1,Cluster 1
PDLIM5,Cluster 1
C2CD2L,Cluster 1
CTPS1,Cluster 1
TRMT61B,Cluster 1
C5,Cluster 1
RAB7A,Cluster 1
PPM1F,Cluster 1
PRRT2,Cluster 1
ITGB1,Cluster 1
PAGR1,Cluster 1
VSIG10L,Cluster 1
GRM4,Cluster 1
PROCR,Cluster 1
IFNE,Cluster 1
GSK3B,Cluster 1
CSTF1,Cluster 1
EEF1G,Cluster 1
PTER,Cluster 1
APOE,Cluster 1
PAGE4,Cluster 1
HMGCL,Cluster 1
PRRX1,Cluster 1
AAMDC,Cluster 1
S100A8,Cluster 1
PPARG,Cluster 1
NELFA,Cluster 1
GSTT2,Cluster 1
FSCN1,Cluster 1
EHD1,Cluster 1
VAT1L,Cluster 1
CACNB3,Cluster 1
RILP,Cluster 1
KLC3,Cluster 1
C15orf40,Cluster 1
RPP25L,Cluster 1
C12orf65,Cluster 1
GSPT2,Cluster 1
EPN1,Cluster 1
KLHL40,Cluster 1
FOXP4,Cluster 1
SETD3,Cluster 1
DAPK3,Cluster 1
OCLN,Cluster 1
MPP2,Cluster 1
MEF2D,Cluster 1
PWWP2B,Cluster 1
GAB1,Cluster 1
GMPPA,Cluster 1
NME8,Cluster 1
TTC25,Cluster 1
CPNE7,Cluster 1
USP3,Cluster 1
UTP6,Cluster 1
MEIG1,Cluster 1
LSMEM1,Cluster 1
C8A|C8B|C8G,Cluster 1
C20orf202,Cluster 1
SCP2,Cluster 1
CHTF8,Cluster 1
CEACAM16,Cluster 1
CRACR2A,Cluster 1
KDM8,Cluster 1
SYTL2,Cluster 1
CTSG,Cluster 1
TRAPPC13,Cluster 1
BMT2,Cluster 1
FGD2,Cluster 1
CRPPA,Cluster 1
TRIM72,Cluster 1
NARF,Cluster 1
GTF2E1,Cluster 1
BROX,Cluster 1
CXCL16,Cluster 1
KIF3C,Cluster 1
MBNL1,Cluster 1
RDH13,Cluster 1
FGF10,Cluster 1
LRSAM1,Cluster 1
SYCE1L,Cluster 1
NUDT7,Cluster 1
PYGB,Cluster 1
SND1,Cluster 1
RABEP1,Cluster 1
HMX3,Cluster 1
MOCOS,Cluster 1
DOHH,Cluster 1
SPATA24,Cluster 1
TBC1D25,Cluster 1
MARS1,Cluster 1
CTNNA1,Cluster 1
INPP4B,Cluster 1
GDPD1,Cluster 1
ZNF580,Cluster 1
CMTR1,Cluster 1
GRIPAP1,Cluster 1
PHYHIP,Cluster 1
DNM1,Cluster 1
DLGAP4,Cluster 1
YJEFN3,Cluster 1
KCTD3,Cluster 1
NCBP1,Cluster 1
MORF4L2,Cluster 1
TTC27,Cluster 1
AFAP1L2,Cluster 1
MBNL2,Cluster 1
FAM221A,Cluster 1
CRYGA,Cluster 1
C19orf54,Cluster 1
HCCS,Cluster 1
MTHFD2L,Cluster 1
ASAP3,Cluster 1
VSX1,Cluster 1
USF2,Cluster 1
COPB2,Cluster 1
CNGB1,Cluster 1
NDRG2,Cluster 1
SSX4,Cluster 1
ADD2,Cluster 1
LPIN1,Cluster 1
PCBP3,Cluster 1
SETBP1,Cluster 1
SHARPIN,Cluster 1
CT45A3,Cluster 1
TTC9,Cluster 1
SNX12,Cluster 1
ASCC2,Cluster 1
TMEM225B,Cluster 1
BCAP31,Cluster 1
BCL11A,Cluster 1
BLOC1S3,Cluster 1
HID1,Cluster 1
HES3,Cluster 1
PLA2G5,Cluster 1
THAP4,Cluster 1
MTMR7,Cluster 1
KATNAL1,Cluster 1
RILPL1,Cluster 1
TRIML1,Cluster 1
LGSN,Cluster 1
RIPPLY3,Cluster 1
TRAPPC6A,Cluster 1
DRAP1,Cluster 1
TCEAL5,Cluster 1
FAM89B,Cluster 1
CLDN1,Cluster 1
FAM92A,Cluster 1
CRYL1,Cluster 1
BIN3,Cluster 1
AGXT,Cluster 1
APOBEC2,Cluster 0
SLBP,Cluster 1
NTAQ1,Cluster 1
RTN1,Cluster 1
HES6,Cluster 1
RILPL2,Cluster 1
PHETA2,Cluster 1
CCDC115,Cluster 1
DNAJB13,Cluster 1
MAP6D1,Cluster 1
TTC36,Cluster 1
EMC10,Cluster 1
REM1,Cluster 1
CT45A1,Cluster 1
DNAJC5B,Cluster 1
PIH1D1,Cluster 1
PYCARD,Cluster 1
EGLN2,Cluster 1
MAST4,Cluster 1
CFAP298,Cluster 1
RER1,Cluster 1
AVEN,Cluster 1
ETV7,Cluster 1
CCL20,Cluster 1
TMX1,Cluster 1
PSPH,Cluster 1
CYBRD1,Cluster 1
GIMAP7,Cluster 1
GIMAP4,Cluster 1
SNX11,Cluster 1
ACBD4,Cluster 1
TTPAL,Cluster 1
DMRTB1,Cluster 1
CAVIN1,Cluster 1
CABP2,Cluster 1
CLIC3,Cluster 1
SLC9A3R1,Cluster 1
PLEKHB1,Cluster 1
MAGIX,Cluster 1
HNRNPA0,Cluster 1
PRPF18,Cluster 1
ARL6IP1,Cluster 1
DTNA,Cluster 1
CCDC149,Cluster 1
COMMD5,Cluster 1
CFDP1,Cluster 1
CXorf38,Cluster 1
DHRS3,Cluster 1
MTUS2,Cluster 1
SHOX,Cluster 1
GTPBP10,Cluster 1
PTPA,Cluster 1
LRRC75A,Cluster 1
ANKRD16,Cluster 1
GOLPH3,Cluster 1
SPIN3,Cluster 1
EIF2S2,Cluster 1
VPS26B,Cluster 1
COPS5,Cluster 1
APCS,Cluster 1
KIT,Cluster 1
TIMP3,Cluster 1
EPS8L2,Cluster 1
SHCBP1L,Cluster 1
FCHSD1,Cluster 1
MEN1,Cluster 1
SCFD1,Cluster 1
EPS8L1,Cluster 1
VPS9D1,Cluster 1
VIL1,Cluster 1
GPHN,Cluster 1
KLHL14,Cluster 1
STXBP4,Cluster 1
EOLA1,Cluster 1
PMPCA,Cluster 1
AMPH,Cluster 1
PLCD1,Cluster 1
NONO,Cluster 1
MVP,Cluster 1
WDR26,Cluster 1
EZH2,Cluster 1
CAPN13,Cluster 1
DNAJC1,Cluster 1
GLS,Cluster 1
HIRIP3,Cluster 1
NHLRC2,Cluster 1
SCRN3,Cluster 1
KHSRP,Cluster 1
MZT2A,Cluster 1
SOX6,Cluster 1
EPS8L3,Cluster 1
OGFR,Cluster 1
FOXP1,Cluster 1
ARHGAP26,Cluster 1
AP2B1,Cluster 1
IKBKB,Cluster 1
CLUH,Cluster 1
UNC13D,Cluster 1
REPS2,Cluster 1
SNX27,Cluster 1
ARHGAP22,Cluster 1
NUMBL,Cluster 1
PSPC1,Cluster 1
SARG,Cluster 1
VAC14,Cluster 1
FUBP3,Cluster 1
KIF3B,Cluster 1
AP1B1,Cluster 1
ZHX2,Cluster 1
METTL3,Cluster 1
RFX5,Cluster 1
CYB5R4,Cluster 1
HIP1R,Cluster 1
SH3KBP1,Cluster 1
ARMC3,Cluster 1
PCDH1,Cluster 1
TIAM2,Cluster 1
SRRT,Cluster 1
INPP5F,Cluster 1
MICALL1,Cluster 1
FCRLA,Cluster 1
VILL,Cluster 1
EIF3B,Cluster 1
DYNC1LI1,Cluster 1
MPP5,Cluster 1
ERC1,Cluster 1
ANGPT4,Cluster 1
VCP,Cluster 1
RANGAP1,Cluster 1
DNPEP,Cluster 1
WEE2,Cluster 1
KLHL3,Cluster 1
PFKFB4,Cluster 1
ME2,Cluster 1
OXCT1,Cluster 1
PACSIN2,Cluster 1
GFRA3,Cluster 1
TPP2,Cluster 1
FTO,Cluster 1
CRLF3,Cluster 1
DYNC1LI2,Cluster 1
PRPF19,Cluster 1
OSBP,Cluster 1
ACTN4,Cluster 1
PITPNM3,Cluster 1
HDAC6,Cluster 1
ME1,Cluster 1
ELMO2,Cluster 1
INPP4A,Cluster 1
MYBPH,Cluster 1
GYG2,Cluster 1
GLUD2,Cluster 1
MICAL1,Cluster 1
CHD1L,Cluster 1
UBE4A,Cluster 1
GK5,Cluster 1
ZBTB10,Cluster 1
SELENBP1,Cluster 1
ATG4C,Cluster 1
UGT2B15,Cluster 1
FAM160B1,Cluster 1
WASL,Cluster 1
DIAPH1,Cluster 1
ASPSCR1,Cluster 1
GRAMD2B,Cluster 1
PHKA1,Cluster 1
TRIM28,Cluster 1
SRGAP2,Cluster 1
DDX1,Cluster 1
VANGL1,Cluster 1
ACSS2,Cluster 1
SNCAIP,Cluster 1
MYBPC2,Cluster 1
CADPS2,Cluster 1
CMIP,Cluster 1
ELP1,Cluster 1
VPS53,Cluster 1
TFCP2L1,Cluster 1
EIF2A,Cluster 1
ATE1,Cluster 1
EXOC7,Cluster 1
RAD18,Cluster 1
RPS6KB2,Cluster 1
TBC1D24,Cluster 1
FHOD1,Cluster 1
CCDC9,Cluster 1
PGM5,Cluster 1
BICD1,Cluster 1
NOMO2,Cluster 1
APEX2,Cluster 1
ZBTB7A,Cluster 1
STAC,Cluster 1
HECW2,Cluster 1
EFNB3,Cluster 1
GFRA2,Cluster 1
CCL21,Cluster 1
FXYD2,Cluster 1
GNG12,Cluster 1
TIMM10,Cluster 1
SPANXA1,Cluster 1
SPCS1,Cluster 1
ATP6V1F,Cluster 1
CYSRT1,Cluster 1
FTHL17,Cluster 1
TCEAL2,Cluster 1
CCL5,Cluster 1
EHD3,Cluster 1
MPI,Cluster 1
DPH7,Cluster 1
METTL26,Cluster 1
BCL2L14,Cluster 1
HMGB1,Cluster 1
EEF2KMT,Cluster 1
CATIP,Cluster 1
HECTD3,Cluster 1
RIC8A,Cluster 1
ARMC8,Cluster 1
NUMB,Cluster 1
PDHA2,Cluster 1
ENPP3,Cluster 1
MTSS2,Cluster 1
GNAS|GNAS,Cluster 1
TMUB1,Cluster 1
EEF1A1,Cluster 1
OLIG1,Cluster 1
SPATA5,Cluster 1
CYBC1,Cluster 1
FAM219B,Cluster 1
ANKS3,Cluster 1
ZW10,Cluster 1
ARHGAP24,Cluster 1
INPP5D,Cluster 1
FNBP1,Cluster 1
OSBPL1A,Cluster 1
HSPA12A,Cluster 1
NRDC,Cluster 1
PML,Cluster 1
CDH23,Cluster 1
CALD1,Cluster 1
ANKRD2,Cluster 1
HDAC4,Cluster 1
RABL6,Cluster 1
PANK1,Cluster 1
ARHGAP6,Cluster 1
NVL,Cluster 1
LIMD1,Cluster 1
DPP8,Cluster 1
AZIN1,Cluster 1
CTNNA3,Cluster 1
UBA6,Cluster 1
KBTBD11,Cluster 1
RABGAP1L,Cluster 1
EIF4G1,Cluster 1
FMO3,Cluster 1
PLEKHM2,Cluster 1
CES3,Cluster 1
AMOT,Cluster 1
SH3PXD2B,Cluster 1
KDM4C,Cluster 1
NCOA7,Cluster 1
MALT1,Cluster 1
DYRK1A,Cluster 1
DAXX,Cluster 1
WDR18,Cluster 1
LIMK1,Cluster 1
CCDC140,Cluster 1
FXYD6,Cluster 1
GAGE2B,Cluster 1
LCE3B,Cluster 1
PRX,Cluster 1
SPANXN4,Cluster 1
RPP40,Cluster 1
SYT12,Cluster 1
IFRD1,Cluster 1
NSUN6,Cluster 1
SCCPDH,Cluster 1
ANKMY2,Cluster 1
NT5DC1,Cluster 1
INPP5A,Cluster 1
DDI2,Cluster 1
YAP1,Cluster 1
MSANTD2,Cluster 1
ROPN1B,Cluster 1
PRMT2,Cluster 1
PSMC5,Cluster 1
MACROD2,Cluster 1
IRF5,Cluster 1
SAG,Cluster 1
PRKAR2B,Cluster 1
CYP2C19,Cluster 1
MLIP,Cluster 1
KMO,Cluster 1
SOX9,Cluster 1
BEGAIN,Cluster 1
FNTA,Cluster 1
LRRFIP2,Cluster 1
UBAC1,Cluster 1
ATXN10,Cluster 1
NFIA,Cluster 1
ARID3C,Cluster 1
MRPL38,Cluster 1
PLEKHO2,Cluster 1
LNPK,Cluster 1
TOM1,Cluster 1
FAM221B,Cluster 1
SEC14L4,Cluster 1
DDHD2,Cluster 1
RAB11FIP3,Cluster 1
CLNK,Cluster 1
POMC,Cluster 1
CFI,Cluster 1
IGFBP3,Cluster 1
IL6,Cluster 1
LEP,Cluster 1
CCL2,Cluster 1
MMP9,Cluster 1
MPO,Cluster 1
KAT5,Cluster 1
ALOX5,Cluster 1
ABCD4,Cluster 1
AIM2,Cluster 1
CASP5,Cluster 1
CHID1,Cluster 1
ROR1,Cluster 1
CRTC3,Cluster 1
GLUD1,Cluster 1
DOCK2,Cluster 1
EML2,Cluster 1
FCGBP,Cluster 1
FKBP1A,Cluster 1
FTH1,Cluster 1
HEXA,Cluster 1
HLA-E,Cluster 1
INHA,Cluster 1
LRP5,Cluster 1
LDB1,Cluster 1
NEUROG3,Cluster 1
OASL,Cluster 1
PIK3C3,Cluster 1
PKN2,Cluster 1
PLCD3,Cluster 1
PRAME,Cluster 1
PTPRN,Cluster 1
RAPGEF1,Cluster 1
SRY,Cluster 1
PLS3,Cluster 1
WNK1,Cluster 1
XPO5,Cluster 1
TNFSF9,Cluster 1
TNFRSF8,Cluster 1
CRLF1|CLCF1,Cluster 1
CST3,Cluster 1
EIF5,Cluster 1
EFNA5,Cluster 1
ERBB2,Cluster 1
ERBB3,Cluster 1
ERBB4,Cluster 1
IL6ST,Cluster 1
HMOX2,Cluster 1
HSP90AA1,Cluster 1
IL10RB,Cluster 1
IL13RA1,Cluster 1
IL2RG,Cluster 1
LAYN,Cluster 1
LTBR,Cluster 1
MRC1,Cluster 1
MST1R,Cluster 1
PAFAH1B2,Cluster 1
CDH3,Cluster 1
PRKCA,Cluster 1
PRKCZ,Cluster 1
GDI2,Cluster 1
ICAM3,Cluster 1
PLAUR,Cluster 1
TNFRSF1A,Cluster 1
NTRK3,Cluster 1
TNFRSF17,Cluster 1
DCN,Cluster 1
CAPN1|CAPNS1,Cluster 1
CKM,Cluster 0
HGF,Cluster 1
HSPD1,Cluster 1
C3,Cluster 1
MIA,Cluster 1
PLA2G2A,Cluster 1
PECAM1,Cluster 1
PSPN,Cluster 1
PF4,Cluster 1
PROS1,Cluster 1
TNFRSF13B,Cluster 1
SERPINA7,Cluster 1
TNFSF18,Cluster 1
AIMP1,Cluster 1
CSF3R,Cluster 1
IL37,Cluster 1
TNC,Cluster 1
MICA,Cluster 1
POR,Cluster 1
NANOG,Cluster 1
NCR2,Cluster 1
CCN3,Cluster 1
SIGLEC6,Cluster 1
SIGLEC7,Cluster 1
SHH,Cluster 1
IGHG1,Cluster 1
ULBP3,Cluster 1
APOA1,Cluster 1
GDF5,Cluster 1
C1QA|C1QB|C1QC,Cluster 1
FAM107A,Cluster 1
FGF18,Cluster 1
FGF20,Cluster 1
GDF11|MSTN,Cluster 1
IL16,Cluster 1
CCL4L1,Cluster 1
CCL3L1,Cluster 1
MMP3,Cluster 1
MMP7,Cluster 1
SOD1,Cluster 1
FGA|FGB|FGG,Cluster 1
APOB,Cluster 1
ACE2,Cluster 1
ACVR1B,Cluster 1
ADAMTS4,Cluster 1
ANGPT1,Cluster 1
AGRP,Cluster 1
BCAM,Cluster 1
CDH5,Cluster 1
COMMD7,Cluster 1
CX3CL1,Cluster 1
SPINT1,Cluster 1
IL27|EBI3,Cluster 1
KLK11,Cluster 1
KLK4,Cluster 1
XRCC6,Cluster 1
LCN2,Cluster 1
MMP17,Cluster 1
SPINT2,Cluster 1
TIE1,Cluster 1
RPS27A,Cluster 1
AIF1,Cluster 1
CHEK1,Cluster 1
MAPK3,Cluster 1
NR3C1,Cluster 1
HDAC8,Cluster 1
KPNA2,Cluster 1
MAP2K1,Cluster 1
PRKCD,Cluster 1
RAC1,Cluster 1
RAD51,Cluster 1
TBP,Cluster 1
TOP1,Cluster 1
UBE2I,Cluster 1
YES1,Cluster 1
SERPINA3,Cluster 1
CCL28,Cluster 1
CD22,Cluster 1
CCL14,Cluster 1
MDK,Cluster 1
CCL23,Cluster 1
SERPINE1,Cluster 1
ARTN,Cluster 1
CYCS,Cluster 1
CYP3A4,Cluster 1
NBL1,Cluster 1
GHR,Cluster 1
PLA2G10,Cluster 1
IGFBP4,Cluster 1
IGF1,Cluster 1
CGA|LHB,Cluster 1
MMP8,Cluster 1
CFP,Cluster 1
PROC,Cluster 1
PTHLH,Cluster 1
CLEC11A,Cluster 1
AREG,Cluster 1
BMP7,Cluster 1
CD36,Cluster 1
CNTN1,Cluster 1
CCN2,Cluster 1
DSG1,Cluster 1
EDAR,Cluster 1
CXCL5,Cluster 1
LGALS4,Cluster 1
CXCL1,Cluster 1
H1-2,Cluster 1
IL1R1,Cluster 1
IL17RA,Cluster 1
IL1RL2,Cluster 1
JAM2,Cluster 1
JAM3,Cluster 1
LSAMP,Cluster 1
MBL2,Cluster 1
NCR3,Cluster 1
PDCD1LG2,Cluster 1
PTPN1,Cluster 1
SIGLEC9,Cluster 1
TGFBR3,Cluster 1
TSLP,Cluster 1
CTLA4,Cluster 1
SERPINF2,Cluster 1
FGF2,Cluster 1
CAST,Cluster 1
CLEC4M,Cluster 1
CGA|FSHB,Cluster 1
LGALS2,Cluster 1
IL19,Cluster 1
IL1B,Cluster 1
CCL3,Cluster 1
MRC2,Cluster 1
CCL18,Cluster 1
PTN,Cluster 1
RETN,Cluster 1
PRSS1,Cluster 1
VWF,Cluster 1
FASLG,Cluster 1
HP,Cluster 1
IL4R,Cluster 1
TNFSF13B,Cluster 1
CTSB,Cluster 1
FGF5,Cluster 1
LGALS3,Cluster 1
GDF9,Cluster 1
IGHM,Cluster 1
IL2,Cluster 1
IL18BP,Cluster 1
LBP,Cluster 1
F10,Cluster 1
PGF,Cluster 1
RARRES2,Cluster 1
EDA2R,Cluster 1
AURKA,Cluster 1
MAPK1,Cluster 1
DIABLO,Cluster 1
VEGFC,Cluster 1
CD4,Cluster 1
IL2RA,Cluster 1
TNFRSF1B,Cluster 1
CD33,Cluster 1
ADAMTS5,Cluster 1
IDUA,Cluster 1
METAP2,Cluster 1
APP,Cluster 1
ARSB,Cluster 1
NAAA,Cluster 1
ADAMTS1,Cluster 1
ADAMTS13,Cluster 1
CTSA,Cluster 1
CTSS,Cluster 1
ENTPD1,Cluster 1
F7,Cluster 1
C2,Cluster 1
CRISP3,Cluster 1
TMPRSS15,Cluster 1
WFIKKN1,Cluster 1
CNDP2,Cluster 1
GP6,Cluster 1
HAPLN1,Cluster 1
IDE,Cluster 1
IDS,Cluster 1
KLK12,Cluster 1
KREMEN2,Cluster 1
LTA4H,Cluster 1
LYVE1,Cluster 1
MEPE,Cluster 1
METAP1,Cluster 1
ASAH2,Cluster 1
NID1,Cluster 1
NRP1,Cluster 1
PIGR,Cluster 1
FOLH1,Cluster 1
RET,Cluster 1
SEMA3A,Cluster 1
ACP5,Cluster 1
CCDC80,Cluster 1
ACAN,Cluster 1
TGFBI,Cluster 1
C1R,Cluster 1
CD109,Cluster 1
FCER2,Cluster 1
CD48,Cluster 1
CD5L,Cluster 1
CFC1,Cluster 1
CNTN2,Cluster 1
CNTN4,Cluster 1
CNTN5,Cluster 1
DLL4,Cluster 1
FCGR2A,Cluster 1
FCGR3B,Cluster 1
FCGR1A,Cluster 1
GFRA1,Cluster 1
GPC2,Cluster 1
SERPIND1,Cluster 1
HTRA2,Cluster 1
IGFBP7,Cluster 1
IL24,Cluster 1
LRIG3,Cluster 1
LRP8,Cluster 1
LY9,Cluster 1
MATN2,Cluster 1
CADM1,Cluster 1
NTN4,Cluster 1
RGMB,Cluster 1
HJV,Cluster 1
TFPI,Cluster 1
THBS4,Cluster 1
ABL1,Cluster 1
ABL2,Cluster 1
ACY1,Cluster 1
SERPINC1,Cluster 1
AURKB,Cluster 1
GRK2,Cluster 1
BMP1,Cluster 1
CAMK2A,Cluster 0
CAMK2B,Cluster 1
CA7,Cluster 1
CDK2|CCNA2,Cluster 1
CDK5|CDK5R1,Cluster 1
CDK8|CCNC,Cluster 1
CHRDL1,Cluster 1
CSK,Cluster 1
CTSV,Cluster 1
ECM1,Cluster 1
FETUB,Cluster 1
GZMH,Cluster 1
HCK,Cluster 1
IL17RD,Cluster 1
KLK7,Cluster 1
PRKCI,Cluster 1
LYN,Cluster 1
PAK3,Cluster 1
PAK5,Cluster 1
SERPINA5,Cluster 1
PIK3CA|PIK3R1,Cluster 1
PIK3CG,Cluster 1
AKT3,Cluster 1
PLK1,Cluster 1
REN,Cluster 1
STAB2,Cluster 1
TBK1,Cluster 1
PTPN2,Cluster 1
UFC1,Cluster 1
BCL2,Cluster 1
BCL2A1,Cluster 1
BMX,Cluster 1
CAMK1D,Cluster 1
CAMK2D,Cluster 0
CA13,Cluster 1
TNFSF8,Cluster 1
CDK1|CCNB1,Cluster 1
CMA1,Cluster 1
CSNK2A1,Cluster 1
EPHA1,Cluster 1
EPHA3,Cluster 1
FLT3,Cluster 1
FSTL3,Cluster 1
GSK3A,Cluster 1
CXCL8,Cluster 1
INSR,Cluster 1
KLK6,Cluster 1
LCK,Cluster 1
POSTN,Cluster 1
PDGFRB,Cluster 1
BCAN,Cluster 1
PRKACA,Cluster 1
RPS6KA3,Cluster 1
SELE,Cluster 1
STK16,Cluster 1
BIRC5,Cluster 1
MPL,Cluster 1
THBS1,Cluster 1
NTRK1,Cluster 1
DUSP3,Cluster 1
XPNPEP1,Cluster 1
AGT,Cluster 1
FGF1,Cluster 1
CAT,Cluster 1
CNTF,Cluster 1
FGF17,Cluster 1
CXCL6,Cluster 1
IFNA2,Cluster 1
IL17A,Cluster 1
ITGA1|ITGB1,Cluster 1
HAMP,Cluster 1
LTA|LTB,Cluster 1
CPB2,Cluster 1
CCL17,Cluster 1
TGFB3,Cluster 1
CGA|TSHB,Cluster 1
VIP,Cluster 1
CD40LG,Cluster 1
DKK1,Cluster 1
DDC,Cluster 1
ADIPOQ,Cluster 1
SERPINA1,Cluster 1
ARSA,Cluster 1
BSG,Cluster 1
BMP10,Cluster 1
CAMK1,Cluster 1
CASP3,Cluster 1
CHL1,Cluster 1
CLEC7A,Cluster 1
MASP1,Cluster 1
ECE1,Cluster 1
GNS,Cluster 1
HGFAC,Cluster 1
IL22RA1,Cluster 1
LGMN,Cluster 1
LY86,Cluster 1
MMEL1,Cluster 1
MAP2K2,Cluster 1
CDC42BPB,Cluster 1
CADM3,Cluster 1
LRPAP1,Cluster 1
CD84,Cluster 1
TLR4|LY96,Cluster 1
KDR,Cluster 1
MFRP,Cluster 1
A2M,Cluster 1
PLG,Cluster 1
CKB|CKM,Cluster 1
CDKN1B,Cluster 1
PYY,Cluster 1
SCT,Cluster 1
TNFRSF4,Cluster 1
BMP6,Cluster 1
PTGS2,Cluster 1
TEK,Cluster 1
ADAM9,Cluster 1
ANGPTL4,Cluster 1
CDH2,Cluster 1
CA9,Cluster 1
CA3,Cluster 0
CKB,Cluster 1
ESM1,Cluster 1
EPHA5,Cluster 1
FGF23,Cluster 1
FGFR2,Cluster 1
FGR,Cluster 1
FYN,Cluster 1
IL12RB2,Cluster 1
PRKCQ,Cluster 1
MAPKAPK2,Cluster 1
MAPKAPK5,Cluster 1
MAPKAPK3,Cluster 1
MATK,Cluster 1
MAPK8,Cluster 1
PAK6,Cluster 1
PTEN,Cluster 1
PTK6,Cluster 1
TLR2,Cluster 1
UFM1,Cluster 1
ZAP70,Cluster 1
AIP,Cluster 1
PPIA,Cluster 1
DYNLRB1,Cluster 1
ETHE1,Cluster 1
GAPDH,Cluster 1
DNAJB1,Cluster 1
MDH1,Cluster 1
NACA,Cluster 1
PRDX1,Cluster 1
ACP1,Cluster 1
PSMA1,Cluster 1
PSMA6,Cluster 1
RPS7,Cluster 1
SBDS,Cluster 1
SEZ6L2,Cluster 1
SGTA,Cluster 1
TPO,Cluster 1
UBE2L3,Cluster 1
ARID3A,Cluster 1
CDC37,Cluster 1
DYNLL1,Cluster 1
KPNB1,Cluster 1
ING1,Cluster 1
LMNB1,Cluster 1
LDHB,Cluster 1
MBD4,Cluster 1
MED1,Cluster 1
MSLN,Cluster 1
NAGK,Cluster 1
PGAM1,Cluster 1
PDXP,Cluster 1
PSMD7,Cluster 1
SKP1,Cluster 1
SNX4,Cluster 1
UBE2N,Cluster 1
FGF4,Cluster 1
AGER,Cluster 1
BPI,Cluster 1
C6,Cluster 1
CCL24,Cluster 1
CFB,Cluster 1
FGF6,Cluster 1
FST,Cluster 1
IGHE,Cluster 1
IL17D,Cluster 1
IL25,Cluster 1
IL20,Cluster 1
CXCL10,Cluster 1
CCL13,Cluster 1
NTF3,Cluster 1
NTF4,Cluster 1
PAPPA,Cluster 1
PDGFB,Cluster 1
KLKB1,Cluster 1
SELP,Cluster 1
TGFB2,Cluster 1
F2,Cluster 1
PLAU,Cluster 1
CFH,Cluster 1
MMP2,Cluster 1
TF,Cluster 1
H2AZ1,Cluster 1
YWHAG,Cluster 1
PGD,Cluster 1
AKR7A2,Cluster 1
AKR1A1,Cluster 1
ANP32B,Cluster 1
CFL1,Cluster 1
VTA1,Cluster 1
EPS15L1,Cluster 1
HSD17B10,Cluster 1
FER,Cluster 1
SYNCRIP,Cluster 1
EIF4G2,Cluster 1
IGF1R,Cluster 1
IL1RL1,Cluster 1
LCMT1,Cluster 1
PKM,Cluster 1
L1CAM,Cluster 1
NME2,Cluster 1
NSFL1C,Cluster 1
NUDCD3,Cluster 1
PA2G4,Cluster 1
PON1,Cluster 1
PES1,Cluster 1
PFDN5,Cluster 1
GPI,Cluster 1
PEBP1,Cluster 1
PSMA2,Cluster 1
RAN,Cluster 1
RBM39,Cluster 1
NAPA,Cluster 1
SPHK1,Cluster 1
SPON1,Cluster 1
TK1,Cluster 1
LCORL,Cluster 1
TKT,Cluster 1
TPI1,Cluster 1
DCTPP1,Cluster 1
PTPN6,Cluster 1
AMN,Cluster 1
CST2,Cluster 1
BOC,Cluster 1
CLEC1B,Cluster 1
CRP,Cluster 1
ICAM1,Cluster 1
DAPK2,Cluster 1
GDF15,Cluster 1
INHBA|INHBB,Cluster 1
DHH,Cluster 1
FGF12,Cluster 1
IFNL2,Cluster 1
MST1,Cluster 1
SLPI,Cluster 1
ADAM12,Cluster 1
BCL2L1,Cluster 1
CHST6,Cluster 1
COLEC11,Cluster 1
ENPP7,Cluster 1
ENTPD3,Cluster 1
ENTPD5,Cluster 1
FCRL3,Cluster 1
HNRNPAB,Cluster 1
LRRTM3,Cluster 1
MFGE8,Cluster 1
PCSK7,Cluster 1
PDPK1,Cluster 1
SIGLEC1,Cluster 1
SPHK2,Cluster 1
TGM3,Cluster 1
TPM2,Cluster 1
C5|C6,Cluster 1
IL11,Cluster 1
MMP12,Cluster 1
PDGFA,Cluster 1
ADAMTS15,Cluster 1
PRSS22,Cluster 1
BST1,Cluster 1
CBX5,Cluster 1
CDON,Cluster 1
CLU,Cluster 1
COL23A1,Cluster 1
DNAJC19,Cluster 1
ADGRE2,Cluster 1
FUT3,Cluster 1
FUT5,Cluster 1
ADGRG5,Cluster 1
HDGFL2,Cluster 1
IL34,Cluster 1
KIRREL3,Cluster 1
KYNU,Cluster 1
PLCG1,Cluster 1
PLXNC1,Cluster 1
RSPO2,Cluster 1
SH2D1A,Cluster 1
SLITRK5,Cluster 1
SORCS2,Cluster 1
PPY,Cluster 1
ADCYAP1,Cluster 1
HIBADH,Cluster 1
FABP3,Cluster 1
CSF2,Cluster 1
LTA,Cluster 1
EPB41,Cluster 1
HSD17B1,Cluster 1
APOD,Cluster 1
IL3,Cluster 1
PPIB,Cluster 1
PDIA3,Cluster 1
TFF3,Cluster 1
OLFM4,Cluster 1
SERPINA6,Cluster 1
LPO,Cluster 1
COL8A1,Cluster 1
ITIH4,Cluster 1
SFN,Cluster 1
SELL,Cluster 1
TNFRSF10A,Cluster 1
EPHA2,Cluster 1
CSF3,Cluster 1
GPC3,Cluster 1
IL1A,Cluster 1
BMPR1A,Cluster 1
BMPR2,Cluster 1
NTRK2,Cluster 1
ANG,Cluster 1
F9,Cluster 1
GDF2,Cluster 1
INS,Cluster 1
WNT7A,Cluster 1
GCG,Cluster 1
PPP3CA|PPP3R1,Cluster 1
CASP2,Cluster 1
COTL1,Cluster 1
F5,Cluster 1
ENG,Cluster 1
LGALS8,Cluster 1
PLA2G1B,Cluster 1
GOT1,Cluster 1
CCL16,Cluster 1
CGA|CGB3|CGB7,Cluster 1
HBA1|HBB,Cluster 1
IGHD,Cluster 1
ITGAV|ITGB5,Cluster 1
LYZ,Cluster 1
CCL19,Cluster 1
AMH,Cluster 1
MMP1,Cluster 1
MMP13,Cluster 1
SHBG,Cluster 1
STC1,Cluster 1
F3,Cluster 1
EREG,Cluster 1
AGR2,Cluster 1
ANXA1,Cluster 1
ARPP19,Cluster 1
ERAP1,Cluster 1
ATP5F1B,Cluster 1
C1QBP,Cluster 1
CAPG,Cluster 1
CA1,Cluster 1
CA2,Cluster 1
CTSZ,Cluster 1
BIRC3,Cluster 1
CRK,Cluster 1
DBNL,Cluster 1
DPT,Cluster 1
DSC3,Cluster 1
PI3,Cluster 1
ESD,Cluster 1
FABP5,Cluster 1
PTK2,Cluster 1
FCAR,Cluster 1
FGFR4,Cluster 1
FGG,Cluster 1
GP1BA,Cluster 1
GPC5,Cluster 1
GRN,Cluster 1
GSTA3,Cluster 1
HPGD,Cluster 1
HRG,Cluster 1
EIF4A3,Cluster 1
LGALS3BP,Cluster 1
SCGB2A1,Cluster 1
MMP14,Cluster 1
MAPK11,Cluster 1
MAPK12,Cluster 1
MAPK13,Cluster 1
MAPK14,Cluster 1
SOD2,Cluster 1
MSN,Cluster 1
NAMPT,Cluster 1
AK1,Cluster 1
CLIC1,Cluster 1
NCK1,Cluster 1
PLA2G7,Cluster 1
PRDX5,Cluster 1
PRDX6,Cluster 1
UCHL1,Cluster 1
PGK1,Cluster 1
PPA1,Cluster 1
ADSL,Cluster 1
RB1,Cluster 1
RPS3,Cluster 1
CD163,Cluster 1
FAP,Cluster 1
SPTAN1,Cluster 1
SSRP1,Cluster 1
TPM1,Cluster 0
PRSS2,Cluster 1
TYMS,Cluster 1
TNFAIP6,Cluster 1
CD274,Cluster 1
ICOSLG,Cluster 1
CD226,Cluster 1
CD244,Cluster 1
CD83,Cluster 1
CD55,Cluster 1
TNFRSF6B,Cluster 1
EPHA10,Cluster 1
EPHB6,Cluster 1
GPNMB,Cluster 1
IL1RAPL2,Cluster 1
IL17RB,Cluster 1
IL20RA,Cluster 1
IL22RA2,Cluster 1
IL23R,Cluster 1
IL7R,Cluster 1
LILRB1,Cluster 1
LILRB2,Cluster 1
JAG1,Cluster 1
JAG2,Cluster 1
JAML,Cluster 1
KIR2DL4,Cluster 1
KIR3DL2,Cluster 1
KIR3DS1,Cluster 1
KLRF1,Cluster 1
LAG3,Cluster 1
SCARB2,Cluster 1
MICB,Cluster 1
NCR1,Cluster 1
RTN4R,Cluster 1
NOTCH1,Cluster 1
NOTCH3,Cluster 1
NRCAM,Cluster 1
CD200,Cluster 1
PRLR,Cluster 1
ROBO3,Cluster 1
SEMA6B,Cluster 1
SEMA6A,Cluster 1
ICAM5,Cluster 1
SLAMF6,Cluster 1
SCARF1,Cluster 1
TNFRSF19,Cluster 1
IL27RA,Cluster 1
TGFBR2,Cluster 1
TNFRSF12A,Cluster 1
UNC5C,Cluster 1
PDE7A,Cluster 1
PRKAA1|PRKAB1|PRKAG1,Cluster 1
PDE9A,Cluster 1
PPID,Cluster 1
PSME3,Cluster 1
GCKR,Cluster 1
CSNK2A1|CSNK2B,Cluster 1
CSNK2A2|CSNK2B,Cluster 1
PDK1,Cluster 1
KIF23,Cluster 1
IMPDH1,Cluster 1
HMGCR,Cluster 1
PCSK9,Cluster 1
NR1D1,Cluster 1
PPIE,Cluster 1
MAP2K4,Cluster 1
PRKAA2|PRKAB2|PRKAG1,Cluster 1
PDE2A,Cluster 1
PPIF,Cluster 1
STK17B,Cluster 1
IMPDH2,Cluster 1
PDE11A,Cluster 1
PDE1A,Cluster 1
PDE3A,Cluster 1
PDE4D,Cluster 1
MAP3K7|TAB1,Cluster 1
TYK2,Cluster 1
CALR,Cluster 1
MMP16,Cluster 1
VAV1,Cluster 1
SLC25A18,Cluster 1
CCL11,Cluster 1
TNNT2,Cluster 0
ANXA6,Cluster 1
CD86,Cluster 1
S100A9,Cluster 1
CPE,Cluster 1
CKAP2,Cluster 1
CCNB1,Cluster 1
DLL1,Cluster 1
GPC6,Cluster 1
HNRNPA2B1,Cluster 1
IL1RN,Cluster 1
KRT18,Cluster 1
TNFSF14,Cluster 1
MIF,Cluster 1
NLGN4X,Cluster 1
OMD,Cluster 1
PIM1,Cluster 1
SET,Cluster 1
TNFRSF13C,Cluster 1
FAS,Cluster 1
LEPR,Cluster 1
TNFRSF21,Cluster 1
CD27,Cluster 1
TNFRSF11A,Cluster 1
SIRPA,Cluster 1
TNNI2,Cluster 0
TNNI3,Cluster 0
NPPA,Cluster 1
ALCAM,Cluster 1
ASGR1,Cluster 1
CNDP1,Cluster 1
COLEC12,Cluster 1
CST1,Cluster 1
DDX19B,Cluster 1
GAS1,Cluster 1
GRB2,Cluster 1
HS6ST1,Cluster 1
HSP90AB1,Cluster 1
IL17RC,Cluster 1
PRKCB,Cluster 1
PRKCG,Cluster 1
RASA1,Cluster 1
RGMA,Cluster 1
RPS3A,Cluster 1
SLAMF7,Cluster 1
STIP1,Cluster 1
SPOCK2,Cluster 1
WNK3,Cluster 1
SNRPF,Cluster 1
CTSD,Cluster 1
FGFR1,Cluster 1
TNFRSF10B,Cluster 1
FGL1,Cluster 1
RYK,Cluster 1
MINPP1,Cluster 1
ZPLD1,Cluster 1
PDIA5,Cluster 1
GREM2,Cluster 1
PCYOX1L,Cluster 1
PGLYRP2,Cluster 1
RNASE10,Cluster 1
HPSE,Cluster 1
MFNG,Cluster 1
MFAP1,Cluster 1
TAFA5,Cluster 1
FAM171A1,Cluster 1
DEFB108B,Cluster 1
HINT2,Cluster 1
LAT2,Cluster 1
FAM172A,Cluster 1
NPFF,Cluster 1
FAM3B,Cluster 1
PAM,Cluster 1
THSD1,Cluster 1
CD300LF,Cluster 1
CTRC,Cluster 1
GNRH1,Cluster 1
SEMA3G,Cluster 1
KLRC1,Cluster 1
CD300A,Cluster 1
MLN,Cluster 1
CRTAC1,Cluster 1
POFUT1,Cluster 1
MFAP4,Cluster 1
NTNG1,Cluster 1
COLGALT1,Cluster 1
LCN8,Cluster 1
RNASE4,Cluster 1
RNASE6,Cluster 1
CTRB2,Cluster 1
PSG4,Cluster 1
PDIA6,Cluster 1
PSG7,Cluster 1
PRSS37,Cluster 1
TMX3,Cluster 1
ENDOU,Cluster 1
ST3GAL1,Cluster 1
F13B,Cluster 1
TRH,Cluster 1
SOD3,Cluster 1
IL18,Cluster 1
PF4V1,Cluster 1
DEFB106A,Cluster 1
SEMA3B,Cluster 1
SIRPB2,Cluster 1
CTRB1,Cluster 1
ASIP,Cluster 1
C2orf66,Cluster 1
DEFB103A,Cluster 1
OBP2B,Cluster 1
VASN,Cluster 1
PRKCSH,Cluster 1
CBLN4,Cluster 1
DEFB112,Cluster 1
TUFT1,Cluster 1
CRISPLD2,Cluster 1
TNF,Cluster 1
TNXB,Cluster 1
FAM189A2,Cluster 1
CLEC3B,Cluster 1
OLFM1,Cluster 1
GZMM,Cluster 1
ELK3,Cluster 1
LEAP2,Cluster 1
IFNL3,Cluster 1
IFNA6,Cluster 1
ABHD14A,Cluster 1
CSAG1,Cluster 1
CILP,Cluster 1
PRCP,Cluster 1
INSL3,Cluster 1
SBSN,Cluster 1
SPAG11A,Cluster 1
B3GLCT,Cluster 1
FCRL1,Cluster 1
CXCL14,Cluster 1
SPINK6,Cluster 1
NECTIN4,Cluster 1
C1GALT1C1,Cluster 1
TREML2,Cluster 1
SEMA4D,Cluster 1
KRTDAP,Cluster 1
ROBO1,Cluster 1
ACP6,Cluster 1
CARTPT,Cluster 1
MENT,Cluster 1
PI15,Cluster 1
ASAH1,Cluster 1
CLPS,Cluster 1
LETMD1,Cluster 1
SUSD3,Cluster 1
TAFA1,Cluster 1
INSL6,Cluster 1
PAPPA2,Cluster 1
GNAS,Cluster 1
KLK9,Cluster 1
SPAG11B,Cluster 1
DEFB104A,Cluster 1
GALNT2,Cluster 1
DEFB121,Cluster 1
AFP,Cluster 1
BID,Cluster 1
NGF,Cluster 1
CD70,Cluster 1
TDGF1,Cluster 1
EPO,Cluster 1
GDNF,Cluster 1
IFNGR1,Cluster 1
IL9,Cluster 1
LIFR,Cluster 1
EHMT2,Cluster 1
NOG,Cluster 1
S100A12,Cluster 1
MAPT,Cluster 1
YWHAZ,Cluster 1
HAAO,Cluster 1
ALDOA,Cluster 1
ARG1,Cluster 1
BAD,Cluster 1
DCTN2,Cluster 1
EEF1B2,Cluster 1
EIF4H,Cluster 1
EIF5A,Cluster 1
GRP,Cluster 1
HINT1,Cluster 1
HSPA8,Cluster 1
NME1,Cluster 1
PEX5,Cluster 1
PSME1,Cluster 1
CCN6,Cluster 1
FTH1|FTL,Cluster 1
TNFSF12,Cluster 1
THPO,Cluster 1
SST,Cluster 1
DMKN,Cluster 1
BOLA3,Cluster 1
UTS2,Cluster 1
NELL2,Cluster 1
RLN3,Cluster 1
ST6GAL1,Cluster 1
CRHBP,Cluster 1
PTPRS,Cluster 1
NXPH3,Cluster 1
IFNAR1,Cluster 1
PIP,Cluster 1
ERP44,Cluster 1
SUMF2,Cluster 1
ADA2,Cluster 1
PXYLP1,Cluster 1
PCOLCE2,Cluster 1
CHRDL2,Cluster 1
FCRL5,Cluster 1
FGFRL1,Cluster 1
CELA1,Cluster 1
MAMDC2,Cluster 1
TP53,Cluster 1
MAP2K3,Cluster 1
UBC,Cluster 1
PSAP,Cluster 1
IFNA5,Cluster 1
CGB2,Cluster 1
IFNA8,Cluster 1
QSOX1,Cluster 1
PDZD11,Cluster 1
ADPGK,Cluster 1
GUCA2B,Cluster 1
MICU2,Cluster 1
KLK10,Cluster 1
SPACA1,Cluster 1
CER1,Cluster 1
STC2,Cluster 1
VIT,Cluster 1
PSG8,Cluster 1
NECTIN2,Cluster 1
SIRPB1,Cluster 1
SCGB3A1,Cluster 1
CPXM1,Cluster 1
LY6G6C,Cluster 1
CGREF1,Cluster 1
CCN1,Cluster 1
STMN4,Cluster 1
P3H1,Cluster 1
WSCD2,Cluster 1
FURIN,Cluster 1
PCDH8,Cluster 1
ST3GAL2,Cluster 1
MCEMP1,Cluster 1
ALKAL2,Cluster 1
MLEC,Cluster 1
ARHGAP36,Cluster 1
UTS2B,Cluster 1
CLSTN3,Cluster 1
BAGE2,Cluster 1
OIT3,Cluster 1
C1QTNF1,Cluster 1
PLBD1,Cluster 1
PCDHGA10,Cluster 1
DNASE1L2,Cluster 1
GGT2,Cluster 1
NPNT,Cluster 1
APOC2,Cluster 1
CD79B,Cluster 1
INSRR,Cluster 1
HEPHL1,Cluster 1
CELA3B,Cluster 1
POMGNT2,Cluster 1
DEFB128,Cluster 1
PTPRR,Cluster 1
ECRG4,Cluster 1
TAPBPL,Cluster 1
TXNDC15,Cluster 1
FMOD,Cluster 1
CSTL1,Cluster 1
DEAF1,Cluster 1
ANGPTL7,Cluster 1
YBX2,Cluster 1
DLK1,Cluster 1
XXYLT1,Cluster 1
LYZL2,Cluster 1
C5orf38,Cluster 1
ADAMTSL2,Cluster 1
MRPL58,Cluster 1
MANBA,Cluster 1
TLL1,Cluster 1
WFDC3,Cluster 1
VWA1,Cluster 1
CCDC126,Cluster 1
NPS,Cluster 1
LILRA3,Cluster 1
CCN5,Cluster 1
HSP90B1,Cluster 1
GPHA2,Cluster 1
LONP1,Cluster 1
DEFB107A,Cluster 1
TP53I13,Cluster 1
C1QL1,Cluster 1
PSG2,Cluster 1
NMES1,Cluster 1
LAD1,Cluster 1
ADGRF5,Cluster 1
INSL4,Cluster 1
DEFB135,Cluster 1
LIPK,Cluster 1
OAF,Cluster 1
CPN2,Cluster 1
GKN2,Cluster 1
SDHAF2,Cluster 1
IFNA16,Cluster 1
RNASE13,Cluster 1
MMP19,Cluster 1
TAFA2,Cluster 1
PCYOX1,Cluster 1
FAM20A,Cluster 1
AOC2,Cluster 1
C14orf93,Cluster 1
MFAP5,Cluster 1
ADAMTS6,Cluster 1
BAGE3,Cluster 1
PSG3,Cluster 1
PTX3,Cluster 1
SEMA3C,Cluster 1
FABP6,Cluster 1
ASPN,Cluster 1
LILRB4,Cluster 1
ARHGDIA,Cluster 1
HAPLN4,Cluster 1
PSG6,Cluster 1
PCDHGA1,Cluster 1
APOC3,Cluster 1
TIMP4,Cluster 1
QRFP,Cluster 1
PVRIG,Cluster 1
POGLUT1,Cluster 1
TAC4,Cluster 1
LY6G6D,Cluster 1
CFHR4,Cluster 1
PMEL,Cluster 1
BPIFA1,Cluster 1
IGLON5,Cluster 1
CANT1,Cluster 1
IGLL1,Cluster 1
KLK15,Cluster 1
CPZ,Cluster 1
SPACA5,Cluster 1
EDN1,Cluster 1
RS1,Cluster 1
LOXL2,Cluster 1
TMED10,Cluster 1
NCAM2,Cluster 1
SCGB1D2,Cluster 1
RNF128,Cluster 1
TAFA4,Cluster 1
MGP,Cluster 1
NPTX2,Cluster 1
DUSP13,Cluster 1
OBP2A,Cluster 1
EXTL2,Cluster 1
OPRPN,Cluster 1
FAM162A,Cluster 1
DNASE2B,Cluster 1
PLBD2,Cluster 1
KIAA2013,Cluster 1
PRLH,Cluster 1
NELL1,Cluster 1
PRNP,Cluster 1
TMPRSS11D,Cluster 1
VSTM2L,Cluster 1
ICAM4,Cluster 1
SERPINA12,Cluster 1
CFAP45,Cluster 1
STOML2,Cluster 1
ENPP5,Cluster 1
LRRC15,Cluster 1
COLEC10,Cluster 1
IGKV1-5,Cluster 1
HEPACAM2,Cluster 1
COL13A1,Cluster 1
C17orf78,Cluster 1
LRRTM4,Cluster 1
FCMR,Cluster 1
ART4,Cluster 1
LAMA4,Cluster 1
TNMD,Cluster 1
PZP,Cluster 1
HRC,Cluster 1
ADAM11,Cluster 1
LRFN5,Cluster 1
GALNT3,Cluster 1
SAYSD1,Cluster 1
FAM174A,Cluster 1
APCDD1,Cluster 1
RELL2,Cluster 1
ANOS1,Cluster 1
NDNF,Cluster 1
IGFALS,Cluster 1
KISS1,Cluster 1
CNP,Cluster 1
POGLUT2,Cluster 1
BRICD5,Cluster 1
FCRL6,Cluster 1
LINGO1,Cluster 1
RLN2,Cluster 1
APLN,Cluster 1
WNT11,Cluster 1
ATAD1,Cluster 1
CHST12,Cluster 1
PNLIPRP1,Cluster 1
DEFB1,Cluster 1
UBB,Cluster 1
NTN1,Cluster 1
CD47,Cluster 1
ALPG,Cluster 1
TFRC,Cluster 1
C1orf162,Cluster 1
B3GAT3,Cluster 1
PCBD2,Cluster 1
UBE2J1,Cluster 1
LRRTM2,Cluster 1
TMCO5A,Cluster 1
MGAT2,Cluster 1
CLEC6A,Cluster 1
MICU3,Cluster 1
CD164L2,Cluster 1
LRRC3,Cluster 1
CCK,Cluster 1
HBZ,Cluster 1
GFRAL,Cluster 1
B4GALT3,Cluster 1
PLOD2,Cluster 1
SNX8,Cluster 1
NDST1,Cluster 1
ST8SIA3,Cluster 1
ST8SIA6,Cluster 1
ITGA5,Cluster 1
MRPL34,Cluster 1
PMEPA1,Cluster 1
C1orf43,Cluster 1
PCDHGA12,Cluster 1
JPH1,Cluster 1
SUMF1,Cluster 1
ST3GAL6,Cluster 1
FIG4,Cluster 1
ASIC4,Cluster 1
SNX1,Cluster 1
IGFL3,Cluster 1
HLA-DRB3,Cluster 1
CNTNAP2,Cluster 1
STX1B,Cluster 1
WFDC5,Cluster 1
CD74,Cluster 1
SNAPIN,Cluster 1
IGSF8,Cluster 1
HS3ST3B1,Cluster 1
SDF2L1,Cluster 1
FUT9,Cluster 1
HBD,Cluster 1
C3orf18,Cluster 1
RAB26,Cluster 1
ASPH,Cluster 1
GALNT10,Cluster 1
COL25A1,Cluster 1
TRAPPC4,Cluster 1
EVA1C,Cluster 1
CD72,Cluster 1
KCNIP4,Cluster 1
LILRB5,Cluster 1
GCNT1,Cluster 1
TSR3,Cluster 1
SEMA7A,Cluster 1
CHST5,Cluster 1
ST8SIA4,Cluster 1
BNIP3,Cluster 1
C20orf173,Cluster 1
CEACAM19,Cluster 1
CLEC2D,Cluster 1
LILRA6,Cluster 1
ERO1A,Cluster 1
VAMP8,Cluster 1
MPIG6B,Cluster 1
FAM209B,Cluster 1
TSNARE1,Cluster 1
KEL,Cluster 1
MAN1B1,Cluster 1
C22orf15,Cluster 1
ECEL1,Cluster 1
BTN3A1,Cluster 1
B3GNT6,Cluster 1
MATN4,Cluster 1
DRAXIN,Cluster 1
CDSN,Cluster 1
SYT11,Cluster 1
GALNT1,Cluster 1
PDILT,Cluster 1
RMDN1,Cluster 1
CDY1,Cluster 1
FSTL5,Cluster 1
CD2,Cluster 1
CABP7,Cluster 1
CABLES2,Cluster 1
OOSP2,Cluster 1
SMIM24,Cluster 1
DNAJB11,Cluster 1
GRPEL1,Cluster 1
SEMG1,Cluster 1
OSCAR,Cluster 1
SERPINI2,Cluster 1
SYT7,Cluster 1
MRPL52,Cluster 1
IL21,Cluster 1
APOA2,Cluster 1
VWA2,Cluster 1
LAIR2,Cluster 1
CETP,Cluster 1
C1QL4,Cluster 1
HBE1,Cluster 1
MSRA,Cluster 1
SLITRK4,Cluster 1
CELA2A,Cluster 1
MGAT4B,Cluster 1
CPN1,Cluster 1
KAZALD1,Cluster 1
ITIH3,Cluster 1
WFDC8,Cluster 1
ANTKMT,Cluster 1
NGRN,Cluster 1
LEG1,Cluster 1
C4BPB,Cluster 1
FUT10,Cluster 1
PCDHA4,Cluster 1
H6PD,Cluster 1
LACRT,Cluster 1
VAPA,Cluster 1
PCDHGA2,Cluster 1
DEPP1,Cluster 1
NFASC,Cluster 1
IFNA14,Cluster 1
VAPB,Cluster 1
ANGPTL8,Cluster 1
CEACAM7,Cluster 1
GP5,Cluster 1
STX3,Cluster 1
PPM1L,Cluster 1
CHST3,Cluster 1
SLMAP,Cluster 1
IFNLR1,Cluster 1
PCDHAC1,Cluster 1
NPTN,Cluster 1
IFNW1,Cluster 1
DNAJC15,Cluster 1
FAM20B,Cluster 1
SYN3,Cluster 1
LRFN2,Cluster 1
ISCU,Cluster 1
RFNG,Cluster 1
CEACAM21,Cluster 1
FBP1,Cluster 1
IK,Cluster 1
MGAT4C,Cluster 1
APLP1,Cluster 1
RNASE1,Cluster 1
CYB5R3,Cluster 1
ATP1B2,Cluster 1
CKAP4,Cluster 1
S100A13,Cluster 1
TRAT1,Cluster 1
MMGT1,Cluster 1
COCH,Cluster 1
ST6GALNAC6,Cluster 1
TMPRSS11A,Cluster 1
P2RX6,Cluster 1
COLGALT2,Cluster 1
MBTPS1,Cluster 1
VSTM4,Cluster 1
IGFLR1,Cluster 1
CELF2,Cluster 1
FREM2,Cluster 1
GORAB,Cluster 1
BCL2L10,Cluster 1
C1QTNF3,Cluster 1
QKI,Cluster 1
PTH2,Cluster 1
PRG2,Cluster 1
CHST14,Cluster 1
OSTN,Cluster 1
SERPINA9,Cluster 1
SPTLC2,Cluster 1
LRRC32,Cluster 1
ANK2,Cluster 1
YWHAQ,Cluster 1
CRELD1,Cluster 1
LMAN2,Cluster 1
MYBPC1,Cluster 1
TPM4,Cluster 1
NBR1,Cluster 1
FMR1,Cluster 1
CFTR,Cluster 1
VAMP4,Cluster 1
SERPINF1,Cluster 1
OPALIN,Cluster 1
ITGB6,Cluster 1
STX2,Cluster 1
FATE1,Cluster 1
RTF1,Cluster 1
RNF148,Cluster 1
TIMM50,Cluster 1
CISD1,Cluster 1
NDUFB11,Cluster 1
NDUFV2,Cluster 1
SFRP2,Cluster 1
CLEC4D,Cluster 1
ITGB5,Cluster 1
HLA-DQA2,Cluster 1
RNF215,Cluster 1
SNN,Cluster 1
ITM2A,Cluster 1
ZP4,Cluster 1
CLPSL2,Cluster 1
CPM,Cluster 1
SH3BP2,Cluster 1
NFU1,Cluster 1
KIR2DL2,Cluster 1
CARD19,Cluster 1
CHST11,Cluster 1
EDDM3B,Cluster 1
CLEC2B,Cluster 1
LILRA5,Cluster 1
ATP5PF,Cluster 1
PRDX4,Cluster 1
LIF,Cluster 1
CCDC90B,Cluster 1
CCDC167,Cluster 1
KIR2DL5A,Cluster 1
CHST1,Cluster 1
GOSR1,Cluster 1
B4GALT7,Cluster 1
GLCE,Cluster 1
SPATA9,Cluster 1
C1QTNF5,Cluster 1
ALPP,Cluster 1
IGFBPL1,Cluster 1
GBP6,Cluster 1
C1D,Cluster 1
PLAAT2,Cluster 1
ST6GALNAC2,Cluster 1
MSRB3,Cluster 1
ABHD12,Cluster 1
DCLK3,Cluster 1
ADAM32,Cluster 1
BNIP3L,Cluster 1
SMR3A,Cluster 1
TAFA3,Cluster 1
SERF1A,Cluster 1
PSG11,Cluster 1
QPCT,Cluster 1
COX4I2,Cluster 1
ANKRD46,Cluster 1
MTIF3,Cluster 1
SCO1,Cluster 1
NCR3LG1,Cluster 1
FAM151A,Cluster 1
NTS,Cluster 1
PCDHGC3,Cluster 1
HERC4,Cluster 1
ROR2,Cluster 1
PGRMC1,Cluster 1
SIGLEC8,Cluster 1
PLAAT3,Cluster 1
DNAJC30,Cluster 1
ST6GALNAC1,Cluster 1
TMEM132A,Cluster 1
TSSK2,Cluster 1
PLEK,Cluster 1
SEC61B,Cluster 1
PARP16,Cluster 1
SPTLC1,Cluster 1
COX5B,Cluster 1
COA3,Cluster 1
DPP10,Cluster 1
UGT1A6,Cluster 1
FAM234B,Cluster 1
FGF3,Cluster 1
MRAP,Cluster 1
DLG3,Cluster 1
MDM1,Cluster 1
VAMP3,Cluster 1
LRFN1,Cluster 1
SCN4B,Cluster 1
S100A7,Cluster 1
CPD,Cluster 1
AMY1A,Cluster 1
ST8SIA2,Cluster 1
FJX1,Cluster 1
SEMA4C,Cluster 1
CD3G,Cluster 1
SMCO2,Cluster 1
SPINT3,Cluster 1
ST6GALNAC5,Cluster 1
TPST1,Cluster 1
EXOSC1,Cluster 1
SYT8,Cluster 1
ADAM22,Cluster 1
NDRG4,Cluster 1
LARGE1,Cluster 1
SLC66A1L,Cluster 1
CUZD1,Cluster 1
KIR3DL3,Cluster 1
TEPSIN,Cluster 1
GLTPD2,Cluster 1
BTNL9,Cluster 1
FCRL2,Cluster 1
VTI1A,Cluster 1
SLAMF1,Cluster 1
ITIH1,Cluster 1
MICOS10,Cluster 1
SCG3,Cluster 1
CDH7,Cluster 1
POTEG,Cluster 1
SPINK8,Cluster 1
POTEM,Cluster 1
CRTAM,Cluster 1
WFDC11,Cluster 1
UNC5A,Cluster 1
FRRS1L,Cluster 1
B3GNT2,Cluster 1
B3GALT6,Cluster 1
MRPL32,Cluster 1
PCDHGC5,Cluster 1
NAALAD2,Cluster 1
C1orf226,Cluster 1
IQCF1,Cluster 1
ASTL,Cluster 1
ERO1B,Cluster 1
DOC2B,Cluster 1
TMPRSS5,Cluster 1
LGI3,Cluster 1
GAPDHS,Cluster 1
MXRA7,Cluster 1
DNAJB12,Cluster 1
HRK,Cluster 1
SURF1,Cluster 1
ACP7,Cluster 1
LMAN2L,Cluster 1
MANEA,Cluster 1
DNAJC4,Cluster 1
FOXRED1,Cluster 1
VSIG2,Cluster 1
STMN3,Cluster 1
MRPL14,Cluster 1
TPST2,Cluster 1
SPINK5,Cluster 1
MCCD1,Cluster 1
DNAJC18,Cluster 1
DRGX,Cluster 1
C1orf198,Cluster 1
FSHB,Cluster 1
DNAJB14,Cluster 1
NSDHL,Cluster 1
FAM177A1,Cluster 1
LEMD1,Cluster 1
SPINK9,Cluster 1
COMP,Cluster 1
XG,Cluster 1
LGALS1,Cluster 1
FTMT,Cluster 1
AGGF1,Cluster 1
DGCR2,Cluster 1
NRG2,Cluster 1
FAM171B,Cluster 1
EVA1B,Cluster 1
PVR,Cluster 1
PATE4,Cluster 1
SYT9,Cluster 1
KCNE3,Cluster 0
MYORG,Cluster 1
DLG4,Cluster 1
PCDHB7,Cluster 1
TMEM70,Cluster 1
SPACA3,Cluster 1
EID3,Cluster 1
MSMP,Cluster 1
PLD5,Cluster 1
ITM2B,Cluster 1
RNF13,Cluster 1
C1orf210,Cluster 1
NR4A1,Cluster 1
CISD2,Cluster 1
LIPN,Cluster 1
TBXAS1,Cluster 1
SPON2,Cluster 1
ADM2,Cluster 1
RHEX,Cluster 1
SSR1,Cluster 1
TMEM234,Cluster 1
ZG16,Cluster 1
FAM241B,Cluster 1
CDHR3,Cluster 1
EPHB2,Cluster 1
GXYLT1,Cluster 1
ITIH5,Cluster 1
CHGB,Cluster 1
C18orf32,Cluster 1
SOSTDC1,Cluster 1
CLEC2L,Cluster 1
SPINK1,Cluster 1
FUT8,Cluster 1
ALK,Cluster 1
PTPRJ,Cluster 1
NOTUM,Cluster 1
POMGNT1,Cluster 1
IRAG1,Cluster 1
OXT,Cluster 1
UXS1,Cluster 1
STOM,Cluster 1
TYMSOS,Cluster 1
TMPO,Cluster 1
HS3ST3A1,Cluster 1
ARSK,Cluster 1
HSD17B7,Cluster 1
IL31RA,Cluster 1
STX7,Cluster 1
PEAR1,Cluster 1
APOH,Cluster 1
POGLUT3,Cluster 1
DNAJC10,Cluster 1
SSMEM1,Cluster 1
LILRA4,Cluster 1
PEX14,Cluster 1
MYG1,Cluster 1
TNFRSF11B,Cluster 1
SULF2,Cluster 1
PRRG1,Cluster 1
C11orf68,Cluster 1
HYAL1,Cluster 1
ZG16B,Cluster 1
DEFB119,Cluster 1
SPRED1,Cluster 1
SLTM,Cluster 1
ZNF843,Cluster 1
ADH4,Cluster 1
SIGIRR,Cluster 1
DPEP2,Cluster 1
ETNK1,Cluster 1
TCP11,Cluster 1
GRAMD1C,Cluster 1
PTPRU,Cluster 1
DEFB110,Cluster 1
PAPOLG,Cluster 1
GPX7,Cluster 1
DPP7,Cluster 1
DEFB129,Cluster 1
PRSS57,Cluster 1
SCN2B,Cluster 1
SULT4A1,Cluster 1
PRDX3,Cluster 1
ELAPOR2,Cluster 1
UST,Cluster 1
C1orf115,Cluster 1
VSIG1,Cluster 1
CDHR1,Cluster 1
NGFR,Cluster 1
LHB,Cluster 1
LDOC1,Cluster 1
PATE1,Cluster 1
LRRC74A,Cluster 1
COX7A1,Cluster 1
DEFB115,Cluster 1
CTSF,Cluster 1
RNASE2,Cluster 1
FAAH2,Cluster 1
QSOX2,Cluster 1
RARRES1,Cluster 1
CYTL1,Cluster 1
FASN,Cluster 1
BOLA2,Cluster 1
ADAM10,Cluster 1
CTNNB1,Cluster 1
SNCA,Cluster 1
GH1,Cluster 1
RSPO4,Cluster 1
CTSH,Cluster 1
RNASEH1,Cluster 1
EFEMP1,Cluster 1
ADAM30,Cluster 1
RETREG1,Cluster 1
PLVAP,Cluster 1
ARL8B,Cluster 1
SPINK14,Cluster 1
TMEM9,Cluster 1
ERMAP,Cluster 1
ZPBP,Cluster 1
OLFML3,Cluster 1
PKDCC,Cluster 1
TRAPPC5,Cluster 1
HIKESHI,Cluster 1
TMEM106B,Cluster 1
CAV3,Cluster 1
GAL3ST1,Cluster 1
GPC1,Cluster 1
GALNT11,Cluster 1
CD1D,Cluster 1
VCL,Cluster 1
NMU,Cluster 1
KCNE5,Cluster 1
PCDHA7,Cluster 1
A4GALT,Cluster 1
DCUN1D5,Cluster 1
BCL10,Cluster 1
EMILIN3,Cluster 1
FAM24B,Cluster 1
ERLIN1,Cluster 1
PCDH10,Cluster 1
ABRAXAS1,Cluster 1
ARMC5,Cluster 1
CA5A,Cluster 1
TTC17,Cluster 1
COL20A1,Cluster 1
HEPACAM,Cluster 1
TXN,Cluster 1
PSAPL1,Cluster 1
OLFML1,Cluster 1
CENPV,Cluster 1
IFNGR2,Cluster 1
ESRP1,Cluster 1
ABRAXAS2,Cluster 1
BST2,Cluster 1
TNFSF10,Cluster 1
CANX,Cluster 1
MFAP3L,Cluster 1
MTX2,Cluster 1
CILP2,Cluster 1
MYRF,Cluster 1
ADAMTS3,Cluster 1
PLA2G2C,Cluster 1
SUN3,Cluster 1
CLEC4A,Cluster 1
RRM2B,Cluster 1
BATF3,Cluster 1
CA11,Cluster 1
PIK3R1,Cluster 1
CENPW,Cluster 1
QPCTL,Cluster 1
PAEP,Cluster 1
BTN2A1,Cluster 1
NUDC,Cluster 1
SEC61G,Cluster 1
CLN5,Cluster 1
NRXN2,Cluster 1
YTHDC1,Cluster 1
ADAM17,Cluster 1
CACNA2D3,Cluster 1
SMIM9,Cluster 1
CCPG1,Cluster 1
TMEM132B,Cluster 1
CPVL,Cluster 1
LRRC37A2,Cluster 1
UGT1A8,Cluster 1
NEO1,Cluster 1
COX6C,Cluster 1
KCNMB3,Cluster 1
LRTM2,Cluster 1
UGT2A1,Cluster 1
GNPDA1,Cluster 1
STIM1,Cluster 1
PABPN1,Cluster 1
GALNT16,Cluster 1
CALY,Cluster 1
BDP1,Cluster 1
G0S2,Cluster 1
ENTPD6,Cluster 1
MEF2C,Cluster 1
ABCC6,Cluster 1
MRPL21,Cluster 1
NR1H4,Cluster 1
ADAM19,Cluster 1
CLCA2,Cluster 1
CSPG4,Cluster 1
MAP4K1,Cluster 1
GLT8D1,Cluster 1
SCARF2,Cluster 1
ERLEC1,Cluster 1
ERAP2,Cluster 1
VTI1B,Cluster 1
DUSP26,Cluster 1
RIPK2,Cluster 1
FCRL4,Cluster 1
COL15A1,Cluster 1
CNOT9,Cluster 1
B4GALNT1,Cluster 1
MAP4K3,Cluster 1
CD200R1L,Cluster 1
THBS3,Cluster 1
SERAC1,Cluster 1
SCUBE1,Cluster 1
ATP1B3,Cluster 1
CEMIP2,Cluster 1
SLAMF8,Cluster 1
CEACAM3,Cluster 1
SLC3A1,Cluster 1
SERPINA11,Cluster 1
LDLRAD4,Cluster 1
PLXNA1,Cluster 1
PRPF6,Cluster 1
TMEM25,Cluster 1
PRG3,Cluster 1
NR1H2,Cluster 1
LCT,Cluster 1
HAVCR1,Cluster 1
DEFB132,Cluster 1
AHSP,Cluster 1
BTNL8,Cluster 1
NLGN2,Cluster 1
MTPAP,Cluster 1
NDUFAF8,Cluster 1
ROS1,Cluster 1
MXI1,Cluster 1
STX18,Cluster 1
JTB,Cluster 1
EPDR1,Cluster 1
TFIP11,Cluster 1
CNTNAP5,Cluster 1
SLC27A2,Cluster 1
SLC16A3,Cluster 1
RSRP1,Cluster 1
IL32,Cluster 1
CRIP2,Cluster 1
ADRM1,Cluster 1
TIMM21,Cluster 1
RAPGEF5,Cluster 1
IGSF9B,Cluster 1
ARHGEF10,Cluster 1
JAKMIP3,Cluster 1
C17orf67,Cluster 1
FAXDC2,Cluster 1
MINAR1,Cluster 1
PENK,Cluster 1
MAN1A2,Cluster 1
SNTB1,Cluster 1
SLC30A3,Cluster 1
SEL1L2,Cluster 1
NHLRC3,Cluster 1
JPH3,Cluster 1
CLEC4C,Cluster 1
MTFR1,Cluster 1
SYT5,Cluster 1
C5orf46,Cluster 1
LYSMD4,Cluster 1
ARMC10,Cluster 1
SYT17,Cluster 1
JPH4,Cluster 1
UMODL1,Cluster 1
ADAMDEC1,Cluster 1
IL36G,Cluster 1
PSD2,Cluster 1
FUT2,Cluster 1
CBARP,Cluster 1
NT5DC3,Cluster 1
SLC26A5,Cluster 1
CCL26,Cluster 1
CSRP3,Cluster 1
PGM1,Cluster 1
DSCAM,Cluster 1
TFF1,Cluster 1
HMGN1,Cluster 1
CD63,Cluster 1
LGALS7,Cluster 1
LGALS9,Cluster 1
UBE2G2,Cluster 1
ATP5PO,Cluster 1
CRYZL1,Cluster 1
FTCD,Cluster 1
USP25,Cluster 1
NENF,Cluster 1
EPHB3,Cluster 1
ITPRIPL1,Cluster 1
MANF,Cluster 1
TMUB2,Cluster 1
CTRL,Cluster 1
BPNT2,Cluster 1
TFPI2,Cluster 1
TWSG1,Cluster 1
PLXDC1,Cluster 1
ACP2,Cluster 1
SIRPG,Cluster 1
LYG1,Cluster 1
PPT1,Cluster 1
MYDGF,Cluster 1
MAN2B2,Cluster 1
ABO,Cluster 1
FCER1A,Cluster 1
IL17C,Cluster 1
NPTX1,Cluster 1
TACO1,Cluster 1
SIAE,Cluster 1
CTSO,Cluster 1
GLIPR1,Cluster 1
TREM1,Cluster 1
CPA4,Cluster 1
CPA2,Cluster 1
CRISP2,Cluster 1
CD44,Cluster 1
SPR,Cluster 1
FKBP7,Cluster 1
RMDN3,Cluster 1
PTPRD,Cluster 1
B3GNT8,Cluster 1
GADD45GIP1,Cluster 1
DEFB118,Cluster 1
CD8B,Cluster 1
AZGP1,Cluster 1
CBLN1,Cluster 1
PSG5,Cluster 1
WFDC1,Cluster 1
LRRC25,Cluster 1
TMED4,Cluster 1
NMB,Cluster 1
RCN1,Cluster 1
ITIH2,Cluster 1
LYPD1,Cluster 1
DEFB136,Cluster 1
ERP27,Cluster 1
PSG9,Cluster 1
TAC1,Cluster 1
FKBP2,Cluster 1
FKBP14,Cluster 1
IL2RB,Cluster 1
WFDC13,Cluster 1
C1RL,Cluster 1
FSTL4,Cluster 1
CREG1,Cluster 1
DLK2,Cluster 1
EDIL3,Cluster 1
PCDHAC2,Cluster 1
CT55,Cluster 1
EYS,Cluster 1
IL21R,Cluster 1
LRTM1,Cluster 1
LRRC4C,Cluster 1
GGH,Cluster 1
MPZL2,Cluster 1
NNAT,Cluster 1
KITLG,Cluster 1
FIBCD1,Cluster 1
SMIM10,Cluster 1
PLA2G12B,Cluster 1
CHI3L2,Cluster 1
GAA,Cluster 1
TTC9B,Cluster 1
MCEE,Cluster 1
PCSK1N,Cluster 1
MGAT4A,Cluster 1
CPQ,Cluster 1
GALP,Cluster 1
TRABD2A,Cluster 1
DCBLD1,Cluster 1
TPSAB1,Cluster 1
ACVR2B,Cluster 1
CTSK,Cluster 1
DGCR6,Cluster 1
C19orf18,Cluster 1
C4BPA,Cluster 1
CDK2AP1,Cluster 1
UMOD,Cluster 1
VEGFB,Cluster 1
CAV2,Cluster 1
METTL24,Cluster 1
ASGR2,Cluster 1
GPX5,Cluster 1
PRPSAP1,Cluster 1
NUDT9,Cluster 1
DEFB125,Cluster 1
FAM241A,Cluster 1
CXCL17,Cluster 1
NMS,Cluster 1
RAB27A,Cluster 1
TMEM38B,Cluster 1
NXPH2,Cluster 1
FGF22,Cluster 1
PLA1A,Cluster 1
AIFM1,Cluster 1
SPATA31D4,Cluster 1
PTK7,Cluster 1
CLPSL1,Cluster 1
LST1,Cluster 1
WBP1L,Cluster 1
EDDM3A,Cluster 1
B3GALT1,Cluster 1
COG8,Cluster 1
C7orf69,Cluster 1
GZMK,Cluster 1
EMID1,Cluster 1
MANSC1,Cluster 1
VCAN,Cluster 1
PAWR,Cluster 1
FCAMR,Cluster 1
BIN1,Cluster 1
MNX1,Cluster 1
SYT2,Cluster 1
MANSC4,Cluster 1
PRRG4,Cluster 1
LAMC2,Cluster 1
SUSD1,Cluster 1
RNF24,Cluster 1
COX7A2L,Cluster 1
SLC30A5,Cluster 1
B4GALT2,Cluster 1
CSMD1,Cluster 1
NUP210L,Cluster 1
PRR27,Cluster 1
ZNF275,Cluster 1
PDGFRL,Cluster 1
IGSF3,Cluster 1
MMRN2,Cluster 1
CCNB1IP1,Cluster 1
GHDC,Cluster 1
CD96,Cluster 1
FAF2,Cluster 1
MSH2,Cluster 1
DDX39B,Cluster 1
DNAJA4,Cluster 1
EIF4E2,Cluster 1
MARK3,Cluster 1
GSTM3,Cluster 1
YBX1,Cluster 1
EZR,Cluster 1
NQO2,Cluster 1
ENAH,Cluster 1
RPS4X,Cluster 1
IDO1,Cluster 1
VASP,Cluster 1
HNRNPF,Cluster 1
NDE1,Cluster 1
RIPPLY1,Cluster 1
RNF149,Cluster 1
RNF150,Cluster 1
TMEM52B,Cluster 1
HERPUD2,Cluster 1
DNAJC11,Cluster 1
IER3,Cluster 1
SYNE2,Cluster 1
BRSK2,Cluster 1
IGDCC4,Cluster 1
COQ8B,Cluster 1
CEL,Cluster 1
NDUFB8,Cluster 1
PNPLA2,Cluster 1
SEMA4B,Cluster 1
TNRC6B,Cluster 1
ISOC1,Cluster 1
DHFR,Cluster 1
FHIT,Cluster 1
LDHC,Cluster 1
SULT2A1,Cluster 1
VAV3,Cluster 1
G3BP2,Cluster 1
HGD,Cluster 1
ADH1B,Cluster 1
ALDH1A3,Cluster 1
DCK,Cluster 1
NQO1,Cluster 1
SMAD1,Cluster 1
TIRAP,Cluster 1
CDC42,Cluster 1
PAICS,Cluster 1
ACTN1,Cluster 1
ACTN2,Cluster 0
ARHGDIB,Cluster 1
TGIF2,Cluster 1
APEX1,Cluster 1
EIF1AX,Cluster 1
IFIT2,Cluster 1
RHOA,Cluster 1
DHPS,Cluster 1
SAT1,Cluster 1
TTC1,Cluster 1
UBE2B,Cluster 1
FBP2,Cluster 1
NFKB1,Cluster 1
WARS1,Cluster 1
CTNNA2,Cluster 1
ESRRA,Cluster 1
CDKN2B,Cluster 1
THOC1,Cluster 1
ALDOC,Cluster 1
CRKL,Cluster 1
TDO2,Cluster 1
GLO1,Cluster 1
PPIL1,Cluster 1
RAP2A,Cluster 1
XRCC4,Cluster 1
RBBP6,Cluster 1
AFAP1L1,Cluster 1
OAZ1,Cluster 1
MYO6,Cluster 1
ERCC4,Cluster 1
FOXG1,Cluster 1
MCM6,Cluster 1
ARID1A,Cluster 1
KIF1C,Cluster 1
NEFH,Cluster 1
EGLN1,Cluster 1
SPOCK3,Cluster 1
TNKS,Cluster 1
MTAP,Cluster 1
RRBP1,Cluster 1
CALB1,Cluster 1
SOS1,Cluster 1
S100P,Cluster 1
TNS4,Cluster 1
CNMD,Cluster 1
KRT1,Cluster 1
SEMA4F,Cluster 1
ATP1B4,Cluster 1
PITPNA,Cluster 1
LNX1,Cluster 1
GJA1,Cluster 1
DUSP28,Cluster 1
PCDHB1,Cluster 1
NXT1,Cluster 1
TOPBP1,Cluster 1
TFAM,Cluster 1
NPIPB3,Cluster 1
RNF114,Cluster 1
TMEM59L,Cluster 1
TBC1D5,Cluster 1
CDHR5,Cluster 1
PCDHB10,Cluster 1
SLC22A16,Cluster 1
UBXN4,Cluster 1
CSMD2,Cluster 1
DLL3,Cluster 1
PRSS35,Cluster 1
YIPF6,Cluster 1
NPW,Cluster 1
LRRC24,Cluster 1
ZNF264,Cluster 1
ATP4B,Cluster 1
DUT,Cluster 1
IRF6,Cluster 1
